Pineapple 0.0 795.648 57.344 869.376
Pineapple 0.0 665.6 237.568 818.176
Pineapple 0.0 837.632 248.832 1022.976
Pineapple 37.888 172.032 336.896 300.032
Pineapple 128.0 762.88 447.488 941.056
Pineapple 138.24 65.536 428.032 212.992
Pineapple 152.576 958.464 428.032 1022.976
Pineapple 195.584 277.504 479.232 403.456
Pineapple 340.992 878.592 663.552 1022.976
Pineapple 348.16 177.152 650.24 323.584
Pineapple 396.288 33.792 677.888 163.84
Pineapple 486.4 290.816 779.264 411.648
Pineapple 631.808 77.824 917.504 222.208
Pineapple 670.72 186.368 974.848 333.824
