Pineapple 0.0 374.4 20.799488 543.999744
Pineapple 0.0 62.400000000000006 27.200512 235.20000000000002
Pineapple 43.200512 211.20000000000002 148.800512 412.79999999999995
Pineapple 48.0 513.5999999999999 148.800512 728.000256
Pineapple 70.4 0.0 160.0 107.19974400000001
Pineapple 180.800512 361.599744 278.4 566.4000000000001
Pineapple 185.6 52.800000000000004 289.600512 259.20000000000005
Pineapple 310.4 528.0 422.4 728.000256
Pineapple 315.200512 204.800256 419.2 416.00025600000004
Pineapple 334.399488 0.0 420.799488 100.80000000000001
Pineapple 452.799488 51.200256 563.2 254.39999999999998
Pineapple 455.999488 364.79999999999995 561.599488 571.2
Pineapple 590.400512 211.20000000000002 697.6 409.599744
Pineapple 592.0 519.999744 697.6 723.2002560000001
Pineapple 608.0 0.0 697.6 94.400256
Pineapple 731.200512 51.200256 835.2 254.39999999999998
Pineapple 731.200512 358.400256 839.999488 563.199744
Pineapple 865.599488 204.800256 980.799488 406.400256
Pineapple 873.6 521.600256 974.400512 726.399744
Pineapple 876.8 0.0 967.999488 94.400256
