Pineapple 46.72 222.968082 396.16 488.22342599999996
Pineapple 49.92 221.68677399999999 402.56 483.097511
Pineapple 81.28 65.352855 970.88 329.326208
Pineapple 91.52 58.304978 972.16 328.0449
Pineapple 121.6 465.79848699999997 271.36 592.018936
Pineapple 264.96 447.21747200000004 387.84 567.030698
Pineapple 272.64 448.49878 385.28 558.701513
Pineapple 347.52 431.84041 515.2 519.618204
Pineapple 387.84 309.464568 574.72 467.079795
Pineapple 403.84 304.338653 577.28 467.079795
Pineapple 653.44 318.434407 798.72 398.52367
Pineapple 658.56 314.5898 797.44 390.83513899999997
