Pineapple 140.715008 259.390464 274.649088 344.15923200000003
Pineapple 161.05984 288.211968 237.350912 367.894272
Pineapple 176.31744 322.119168 318.728192 410.277888
Pineapple 193.271808 367.894272 335.68256 474.70233600000006
Pineapple 395.020288 310.252032 515.390464 400.105728
Pineapple 420.450304 366.198528 495.046656 439.099392
Pineapple 467.920896 374.675712 598.463488 488.265216
Pineapple 501.827584 423.840768 649.324544 547.602432
Pineapple 651.020288 310.252032 779.867136 396.715008
Pineapple 706.966528 335.682048 829.033472 417.05932800000005
Pineapple 757.827584 371.284992 873.112576 466.22515200000004
Pineapple 793.430016 395.02003199999996 947.708928 517.085952
