Pineapple 56.32 174.22204800000003 147.84 330.509998
Pineapple 101.12 64.052506 312.32 368.94109000000003
Pineapple 218.88 192.79755600000001 291.2 305.529308
Pineapple 240.0 107.608018 348.8 352.927792
Pineapple 364.8 147.96059599999998 421.12 299.124126
Pineapple 375.04 85.189538 468.48 329.22855
Pineapple 506.24 106.32656999999999 609.92 340.117428
Pineapple 526.08 140.274652 615.04 251.72564200000002
Pineapple 566.4 297.843364 664.96 501.529112
Pineapple 582.4 473.986898 675.2 684.0785139999999
Pineapple 682.24 131.30725999999999 739.84 255.56861400000003
Pineapple 707.2 64.052506 800.0 326.66634
Pineapple 707.2 358.052212 806.4 550.2090440000001
Pineapple 915.84 74.30066000000001 1011.2 279.267856
