Pineapple 10.84416 15.489592 89.851904 92.939228
Pineapple 12.393472 449.20487199999997 88.302592 534.399304
Pineapple 13.942784 534.399304 97.59744 601.00522
Pineapple 17.040384 89.841142 100.696064 171.937488
Pineapple 20.139008 266.42534 99.146752 353.168396
Pineapple 29.433856 179.682284 103.794688 266.42534
Pineapple 30.983168 618.0442740000001 103.794688 710.983502
Pineapple 34.081792 714.081588 106.892288 762.099826
Pineapple 96.048128 309.796868 181.25312 391.892376
Pineapple 103.794688 666.062512 173.50656 751.256944
Pineapple 109.990912 15.489592 154.916864 41.822904
Pineapple 111.540224 393.441838 182.801408 484.831604
Pineapple 185.900032 532.85068 266.457088 604.103306
Pineapple 188.998656 7.744796 255.612928 49.5677
Pineapple 192.09728 616.49565 261.809152 703.238706
Pineapple 195.19488 453.85242 235.47392 542.1441
Pineapple 729.658368 10.842882000000001 794.723328 94.48785199999999
Pineapple 808.666112 137.85938 890.771456 213.759554
Pineapple 816.411648 44.920152 895.419392 136.310756
Pineapple 821.05856 226.15189800000002 875.280384 314.443578
Pineapple 892.320768 17.039054 969.7792 94.48785199999999
Pineapple 892.320768 86.74305600000001 982.172672 162.64323000000002
Pineapple 893.87008 175.034736 965.131264 258.680544
Pineapple 898.516992 275.71876 988.368896 345.4236
Pineapple 900.066304 450.754334 966.680576 535.947928
Pineapple 900.066304 353.168396 993.016832 447.656248
Pineapple 906.263552 714.081588 975.975424 762.099826
Pineapple 974.427136 401.18663399999997 1006.959616 472.44009800000003
