Pineapple 195.912704 856.050855 258.52416 916.620342
Pineapple 214.090752 583.487685 258.52416 710.6835120000001
Pineapple 214.090752 371.49400199999997 262.56384 432.063489
Pineapple 341.332992 720.778905 403.944448 835.861026
Pineapple 343.353344 444.17719500000004 403.944448 573.392292
Pineapple 355.47136 165.557172 397.88544 288.715416
Pineapple 486.75328 298.80985200000003 545.325056 421.968096
Pineapple 488.773632 577.430832 549.364736 702.607389
Pineapple 494.83264 839.898609 543.305728 916.620342
Pineapple 628.133888 716.740365 688.726016 837.8793390000001
Pineapple 632.173568 438.120342 688.726016 557.240046
Pineapple 638.232576 159.50031900000002 666.509312 284.676876
Pineapple 767.495168 399.759954 797.791232 426.006636
Pineapple 773.554176 581.468415 811.928576 708.664242
Pineapple 777.593856 845.955462 824.047616 914.601072
