Strawberry 154.88 414.03187 379.52 602.809466
Strawberry 177.28 97.90866399999999 358.4 275.807672
Strawberry 177.28 10.878588 832.0 591.930878
Strawberry 211.84 238.05229 467.2 451.787252
Strawberry 349.44 366.67728999999997 549.76 615.608168
Strawberry 353.28 81.91045799999999 480.64 241.891832
Strawberry 364.8 287.966336 574.72 467.785458
Strawberry 428.16 164.46095400000002 564.48 321.882176
Strawberry 450.56 48.634656 603.52 191.337748
Strawberry 515.84 184.298702 737.92 410.19232800000003
Strawberry 544.64 161.900802 631.68 284.126794
Strawberry 567.04 376.91584 768.0 576.57271
Strawberry 710.4 295.64542 821.76 466.505382
Strawberry 733.44 471.625 790.4 554.175496
