Strawberry 309.041152 169.699332 508.397568 369.01656
Strawberry 56.844288 0.0 917.516288 623.565558
Strawberry 62.44864 74.44371 211.364864 246.544364
Strawberry 140.109824 7.203965999999999 270.611456 156.091386
Strawberry 146.514944 227.333106 319.449088 355.408614
Strawberry 195.352576 369.01656 361.882624 505.896688
Strawberry 219.37152 61.636432 397.110272 208.121848
Strawberry 329.858048 5.603312 553.232384 173.70199
Strawberry 341.066752 369.01656 522.80832 527.509268
Strawberry 469.966848 456.267548 620.484608 615.560924
Strawberry 494.78656 188.110604 666.92096 391.429808
Strawberry 555.633664 365.013902 742.980608 548.321862
Strawberry 558.836736 0.0 735.77472 200.117214
Strawberry 701.34784 268.957612 835.853312 413.843056
Strawberry 709.354496 80.84769 919.918592 283.366226
Strawberry 710.155264 5.603312 858.27072 100.85893399999999
