Strawberry 0.0 329.31120599999997 242.347008 563.070825
Strawberry 5.972992 79.342074 235.52 278.122833
Strawberry 238.08 46.069343999999994 489.812992 327.605076
Strawberry 278.187008 0.0 459.092992 67.397886
Strawberry 283.307008 311.394924 512.0 500.791968
Strawberry 319.147008 570.749049 525.652992 638.146935
Strawberry 451.412992 431.687313 653.652992 597.1959810000001
Strawberry 459.092992 121.145454 697.172992 344.667654
Strawberry 475.307008 29.859831 602.452992 162.096408
Strawberry 597.332992 0.0 793.6 80.195139
Strawberry 639.147008 385.61796899999996 835.412992 596.342916
Strawberry 717.652992 168.92092799999998 961.707008 424.009089
Strawberry 775.68 486.288585 980.48 638.146935
