Strawberry 0.0 326.48517 178.56 526.857795
Strawberry 33.92 178.60684500000002 162.56 326.48517
Strawberry 82.56 37.76958 239.36 181.1673
Strawberry 87.68 239.42281499999999 234.24 347.610645
Strawberry 95.36 371.93688000000003 316.8 640.807605
Strawberry 142.72 571.02966 361.6 764.359695
Strawberry 156.16 320.723955 244.48 430.19239500000003
Strawberry 157.44 129.95361 319.36 295.757415
Strawberry 225.92 239.42281499999999 393.6 426.35132999999996
Strawberry 294.4 395.623575 526.08 614.560455
Strawberry 298.24 1.92015 414.72 97.945245
Strawberry 319.36 556.305705 535.04 764.359695
Strawberry 378.88 41.610645 531.84 178.60684500000002
Strawberry 393.6 127.39315500000001 533.12 294.47680499999996
Strawberry 398.72 0.0 488.32 39.05019
Strawberry 438.4 11.523195 494.72 55.054755
Strawberry 467.2 256.06692000000004 700.16 471.80303999999995
Strawberry 476.16 531.339165 656.64 695.861595
Strawberry 484.48 0.0 629.12 104.98707
Strawberry 511.36 668.3346 751.36 764.359695
Strawberry 512.0 451.31786999999997 652.8 551.18403
Strawberry 547.2 197.171865 732.16 360.41445
Strawberry 561.92 90.26388 753.28 245.824335
Strawberry 581.76 524.93688 627.84 582.55209
Strawberry 639.36 557.58555 847.36 764.359695
Strawberry 708.48 261.18859499999996 844.16 428.91178499999995
Strawberry 718.72 120.991635 830.72 291.91634999999997
Strawberry 768.64 371.93688000000003 987.52 553.7444849999999
Strawberry 813.44 222.777945 1008.64 382.81977
Strawberry 873.6 506.37262499999997 1018.88 690.740685
Strawberry 955.52 368.09658 1023.36 537.740685
Strawberry 991.36 275.911785 1023.36 391.142205
