Strawberry 0.0 319.581184 291.137536 891.81696
Strawberry 0.0 0.0 322.927616 419.974144
Strawberry 13.385728 786.405376 364.758016 1022.326784
Strawberry 217.516032 287.791104 868.391936 860.025856
Strawberry 261.019648 0.0 855.006208 354.71872
Strawberry 299.503616 868.391936 691.033088 1022.326784
Strawberry 625.777664 125.490176 731.189248 381.490176
Strawberry 721.149952 911.895552 1022.326784 1022.326784
Strawberry 722.823168 376.470528 1022.326784 846.640128
Strawberry 737.882112 0.0 1022.326784 364.758016
