Strawberry 466.823168 324.600832 665.934848 540.444672
Strawberry 41.8304 568.889344 123.81696 634.143744
Strawberry 41.8304 642.509824 267.712512 781.385728
Strawberry 100.391936 262.692864 234.248192 361.411584
Strawberry 162.300928 353.045504 307.869696 433.359872
Strawberry 194.091008 353.045504 329.62048 481.882112
Strawberry 301.176832 307.869696 419.974144 525.385728
Strawberry 373.124096 259.346432 455.110656 366.431232
Strawberry 404.9152 423.320576 463.476736 553.8304
Strawberry 404.9152 187.399168 510.326784 262.692864
Strawberry 441.725952 267.712512 555.503616 383.163392
Strawberry 441.725952 826.56256 697.725952 978.823168
Strawberry 530.405376 165.64736 754.614272 339.659776
Strawberry 622.431232 334.640128 774.692864 466.823168
