Strawberry 575.36 354.9551 687.36 445.29551000000004
Strawberry 0.0 222.968082 151.68 413.260078
Strawberry 0.0 378.02069300000005 241.28 515.773597
Strawberry 20.48 643.276037 107.52 682.359346
Strawberry 74.88 208.231674 350.08 388.27184
Strawberry 99.2 631.742899 201.6 682.359346
Strawberry 115.2 120.45388 326.4 213.35758900000002
Strawberry 166.4 133.268326 1023.36 568.312689
Strawberry 192.64 614.443875 309.12 682.359346
Strawberry 250.24 11.533138000000001 408.96 117.891264
Strawberry 335.36 598.426159 412.8 682.359346
Strawberry 355.2 83.292533 507.52 146.72342600000002
Strawberry 392.32 629.180283 510.08 682.359346
Strawberry 403.84 622.132406 531.2 669.5449
Strawberry 408.96 0.0 558.72 105.717472
Strawberry 473.6 660.575061 578.56 682.359346
Strawberry 503.68 0.0 936.32 176.836896
Strawberry 520.96 633.024207 579.84 681.718692
Strawberry 676.48 655.449146 753.92 682.359346
Strawberry 704.64 580.485798 810.88 666.9822839999999
Strawberry 739.84 609.31796 881.28 682.359346
Strawberry 817.28 635.587506 922.24 681.718692
Strawberry 874.88 570.875305 1020.8 660.575061
Strawberry 886.4 629.180283 1023.36 682.359346
Strawberry 938.88 0.0 1023.36 96.747633
