Strawberry 300.8 238.400256 403.999744 337.599744
Strawberry 275.2 228.800256 332.8 327.20025599999997
Strawberry 276.799488 44.799744000000004 329.6 127.19999999999999
Strawberry 277.600256 103.19999999999999 305.600512 259.20000000000005
Strawberry 281.6 105.60000000000001 375.199744 233.600256
Strawberry 315.200512 45.599999999999994 431.200256 141.60000000000002
Strawberry 359.199744 153.60000000000002 465.600512 287.199744
Strawberry 379.200512 81.6 499.2 209.600256
Strawberry 393.6 255.20025599999997 521.6 385.599744
Strawberry 449.600512 207.20025599999997 572.8 308.79974400000003
Strawberry 479.200256 140.799744 600.800256 245.600256
Strawberry 499.2 356.79974400000003 581.600256 412.79999999999995
Strawberry 511.200256 289.599744 660.799488 401.60025599999994
Strawberry 512.799744 95.199744 596.799488 159.200256
Strawberry 543.200256 203.199744 655.200256 300.800256
Strawberry 584.800256 115.19999999999999 665.6 177.60000000000002
Strawberry 595.2 143.199744 727.199744 244.79999999999998
