Strawberry 166.409841 360.32 454.426533 652.16
Strawberry 0.0 377.6 144.64848600000002 587.52
Strawberry 0.0 522.88 320.01892499999997 702.72
Strawberry 31.362092999999998 316.16 244.49466299999997 417.92
Strawberry 110.08637399999999 356.48 293.77727100000004 520.96
Strawberry 153.609084 81.92 551.072691 472.32
Strawberry 295.697691 557.44 542.112093 701.44
Strawberry 423.06512100000003 451.2 564.512907 580.48
Strawberry 440.346177 575.36 663.078804 680.32
Strawberry 533.151495 289.92 680.3598599999999 592.64
