Strawberry 523.712512 868.391936 652.54912 1018.980352
Strawberry 331.293696 553.8304 545.46432 660.9152
Strawberry 332.966912 485.228544 538.771456 558.850048
Strawberry 359.738368 597.332992 503.63392 751.26784
Strawberry 366.431232 379.81696 563.869696 548.810752
Strawberry 406.588416 647.529472 517.019648 858.35264
Strawberry 413.28128 316.235776 578.927616 515.346432
Strawberry 481.882112 282.771456 610.71872 493.594624
Strawberry 513.673216 624.104448 630.797312 865.045504
Strawberry 583.947264 316.235776 675.974144 495.26784
Strawberry 610.71872 463.476736 816.523264 585.62048
Strawberry 614.065152 684.340224 727.842816 809.8304
Strawberry 629.124096 647.529472 791.425024 752.941056
Strawberry 647.529472 369.777664 773.019648 537.09824
Strawberry 650.875904 583.947264 799.791104 674.300928
