Strawberry 161.92 427.72135999999995 280.32 590.35764
Strawberry 229.12 358.56876 341.76 456.535
Strawberry 252.8 548.73824 378.88 644.14292
Strawberry 259.2 476.3842 319.36 617.89084
Strawberry 290.56 185.04703999999998 389.12 293.89804
Strawberry 314.24 434.12424000000004 406.4 560.26356
Strawberry 355.2 233.70988000000003 453.12 363.6912
Strawberry 360.32 491.11096000000003 496.64 628.7755999999999
Strawberry 361.6 43.540400000000005 476.8 167.75872
Strawberry 396.8 265.0844 505.6 389.94328
Strawberry 464.0 112.69300000000001 566.4 210.01868
Strawberry 583.04 133.82264 702.72 222.82511999999997
