Strawberry 556.16 58.304978 740.48 226.812689
Strawberry 244.48 101.23289399999999 416.0 276.14714499999997
Strawberry 263.04 0.0 417.28 93.544363
Strawberry 269.44 338.937384 471.04 550.372328
Strawberry 332.16 80.089263 412.16 151.208004
Strawberry 395.52 178.758858 559.36 349.18853099999995
Strawberry 403.2 41.005954 567.04 185.166081
Strawberry 409.6 0.0 526.72 73.68204
Strawberry 538.24 0.0 634.24 89.05910200000001
Strawberry 594.56 0.0 749.44 73.68204
Strawberry 694.4 263.974036 757.12 322.918985
Strawberry 695.68 340.21869200000003 917.12 656.730454
Strawberry 696.96 282.554368 851.84 483.097511
Strawberry 791.68 252.440898 968.32 416.463348
