Strawberry 181.614592 177.79494300000002 239.577088 266.69283
Strawberry 197.071872 575.902113 282.083328 643.542189
Strawberry 210.59584 299.54641499999997 299.471872 371.051472
Strawberry 214.460416 79.23501900000001 309.132288 131.41434
Strawberry 245.373952 411.635019 336.181248 481.20716999999996
Strawberry 284.015616 235.772151 359.365632 324.670038
Strawberry 320.724992 286.018566 388.34688 371.051472
Strawberry 322.656256 380.71434 380.618752 467.679321
Strawberry 357.434368 222.244302 413.464576 297.61434
Strawberry 369.026048 467.679321 426.988544 517.925736
Strawberry 370.958336 146.874264 438.581248 218.379321
Strawberry 423.124992 485.072151 488.814592 531.453585
Strawberry 432.785408 83.10000000000001 496.543744 146.874264
Strawberry 454.037504 367.18566 521.660416 463.81433999999996
Strawberry 484.95104 494.735019 548.709376 554.644302
Strawberry 490.74688 96.627849 558.369792 164.267094
Strawberry 500.407296 430.960755 539.04896 479.274264
Strawberry 510.067712 382.646415 540.981248 440.62362299999995
Strawberry 535.184384 519.8578110000001 616.332288 577.835019
Strawberry 537.116672 384.579321 589.283328 473.476377
Strawberry 540.981248 475.40928299999996 620.19584 510.19494299999997
Strawberry 556.437504 123.683547 629.856256 189.390717
Strawberry 620.19584 152.67215099999999 689.75104 220.311396
Strawberry 631.788544 467.679321 703.275008 531.453585
Strawberry 643.381248 579.767094 711.00416 633.879321
Strawberry 668.49792 401.972151 720.664576 463.81433999999996
Strawberry 685.886464 324.670038 743.84896 384.579321
Strawberry 691.683328 496.667094 759.305216 587.497887
Strawberry 699.411456 257.029962 726.460416 305.34430199999997
Strawberry 730.324992 315.00717000000003 782.490624 386.511396
Strawberry 734.188544 405.837132 780.558336 500.532906
Strawberry 786.3552 228.042189 855.909376 307.276377
Strawberry 799.879168 322.737132 836.588544 398.10717
