Strawberry 564.622336 711.110656 796.444672 900.267008
Strawberry 100.977664 284.444672 156.444672 338.489344
Strawberry 108.089344 238.932992 159.289344 290.132992
Strawberry 108.089344 338.489344 159.289344 361.244672
Strawberry 140.8 632.889344 250.310656 735.289344
Strawberry 152.177664 220.444672 209.067008 277.332992
Strawberry 152.177664 307.2 210.489344 354.132992
Strawberry 156.444672 280.177664 206.222336 311.467008
Strawberry 179.2 610.132992 275.910656 645.689344
Strawberry 207.644672 327.110656 253.155328 359.822336
Strawberry 207.644672 273.067008 257.422336 325.689344
Strawberry 223.289344 226.132992 274.489344 273.067008
Strawberry 227.555328 297.244672 275.910656 347.022336
Strawberry 257.422336 731.022336 320.0 800.710656
Strawberry 261.689344 274.489344 310.044672 320.0
Strawberry 261.689344 324.267008 315.732992 352.710656
Strawberry 280.177664 228.977664 335.644672 285.867008
Strawberry 287.289344 654.222336 331.377664 728.177664
Strawberry 291.555328 773.689344 337.067008 841.955328
Strawberry 298.667008 694.044672 352.710656 753.777664
Strawberry 314.310656 327.110656 366.932992 354.132992
Strawberry 325.689344 247.467008 381.155328 295.822336
Strawberry 332.8 765.155328 392.532992 839.110656
Strawberry 334.222336 645.689344 395.377664 711.110656
Strawberry 344.177664 830.577664 418.132992 881.777664
Strawberry 356.977664 722.489344 406.755328 773.689344
Strawberry 385.422336 866.132992 456.532992 928.710656
Strawberry 388.267008 765.155328 449.422336 836.267008
Strawberry 398.222336 688.355328 469.332992 753.777664
Strawberry 399.644672 355.555328 453.689344 430.932992
Strawberry 440.889344 735.289344 502.044672 803.555328
Strawberry 456.532992 369.777664 529.067008 425.244672
Strawberry 460.8 428.089344 536.177664 489.244672
Strawberry 479.289344 803.555328 500.622336 870.4
Strawberry 503.467008 871.822336 766.577664 1006.932992
Strawberry 587.377664 615.822336 776.532992 718.222336
Strawberry 770.844672 615.822336 935.822336 716.8
Strawberry 785.067008 668.444672 987.022336 870.4
Strawberry 793.6 867.555328 1009.777664 1009.777664
