Strawberry 536.32 258.207467 664.32 374.17608600000005
Strawberry 172.16 132.627672 312.96 231.29726699999998
Strawberry 189.44 222.968082 333.44 330.608199
Strawberry 340.48 60.22694 442.88 130.065056
Strawberry 349.44 271.662567 467.2 415.18204
Strawberry 369.28 145.442118 451.84 237.70449
Strawberry 419.2 124.939141 505.6 257.56681299999997
Strawberry 467.2 123.657833 544.64 242.83040499999998
Strawberry 496.64 121.73518800000001 585.6 220.405466
Strawberry 504.32 121.73518800000001 592.0 189.010005
Strawberry 513.28 53.819717 608.0 108.921425
Strawberry 620.8 91.62171799999999 741.76 166.585066
Strawberry 649.6 174.27359700000002 800.64 266.536652
