Strawberry 192.0 303.000156 378.000384 461.00009400000005
Strawberry 0.0 313.99962600000003 24.000512 342.999822
Strawberry 0.0 113.000028 30.000128 151.99995
Strawberry 0.0 47.99990400000001 65.999872 101.999796
Strawberry 0.0 207.000348 72.999936 282.000198
Strawberry 0.0 130.99999200000002 108.99968 188.999622
Strawberry 0.0 219.000324 170.999808 301.99965
Strawberry 0.0 294.00017399999996 184.999936 482.00005200000004
Strawberry 5.000192 148.999956 158.999552 211.000086
Strawberry 17.999872 95.99980800000002 99.999744 121.000266
Strawberry 44.99968 113.999772 149.000192 160.000188
Strawberry 56.999936 45.999654 138.999808 85.000338
Strawberry 76.99968 167.999664 209.000448 231.00029999999998
Strawberry 99.999744 68.99986200000001 168.999936 106.000296
Strawberry 112.0 94.00032 179.999744 139.999974
Strawberry 156.000256 86.000082 289.999872 170.999658
Strawberry 170.999808 220.999812 302.999552 326.000364
Strawberry 174.999552 56.000142000000004 238.999552 104.99979
Strawberry 206.999552 166.99992 318.999552 235.999782
Strawberry 295.000064 214.00008 446.999552 304.999644
Strawberry 304.0 94.00032 419.00032 151.000206
Strawberry 318.000128 154.999944 426.000384 202.999848
Strawberry 346.000384 271.99971 558.000128 434.000148
Strawberry 355.00032 125.999748 474.000384 172.000164
Strawberry 410.999808 196.000116 584.999936 267.000228
Strawberry 417.000448 71.000112 513.000448 113.000028
Strawberry 437.000192 92.00007 552.999936 148.999956
Strawberry 455.000064 157.99993800000001 656.0 234.000294
Strawberry 458.000384 265.99972199999996 700.000256 378.000006
Strawberry 462.000128 112.00028400000001 597.000192 166.99992
Strawberry 483.00032 142.999968 654.000128 187.000134
Strawberry 565.000192 65.000124 696.999936 122.99975400000001
Strawberry 576.0 226.9998 794.999808 330.999846
Strawberry 593.000448 97.00031399999999 737.000448 145.00021800000002
Strawberry 632.999936 122.99975400000001 791.000064 175.99990200000002
Strawberry 641.000448 175.99990200000002 867.999744 246.00027
Strawberry 645.000192 214.99982400000002 849.999872 297.000168
Strawberry 691.00032 151.000206 851.00032 207.000348
