Strawberry 427.200512 356.00025600000004 583.199744 488.799744
Strawberry 477.599744 321.6 562.400256 380.00025600000004
Strawberry 490.399744 353.600256 706.400256 554.4000000000001
Strawberry 608.0 445.599744 757.600256 566.4000000000001
Strawberry 618.399744 572.000256 798.400512 642.399744
Strawberry 684.000256 370.400256 926.400512 560.000256
Strawberry 709.600256 519.999744 835.999744 608.000256
Strawberry 784.0 529.599744 945.599488 590.4000000000001
Strawberry 860.000256 373.599744 992.0 514.400256
Strawberry 926.400512 373.599744 1022.400512 522.399744
