Strawberry 881.000448 373.999752 1000.999936 527.0000220000001
Strawberry 186.999808 146.000271 307.999744 223.00025999999997
Strawberry 316.000256 174.999975 373.000192 251.000256
Strawberry 366.000128 181.99997399999998 519.000064 307.999956
Strawberry 481.000448 373.999752 627.999744 520.000023
Strawberry 494.000128 209.99997 602.999808 377.99994599999997
Strawberry 522.999808 104.999985 664.999936 193.000167
Strawberry 544.0 351.000339 680.999936 464.999739
Strawberry 547.999744 275.000058 704.0 403.999845
Strawberry 554.000384 181.99997399999998 711.999488 266.99967
Strawberry 592.0 237.000258 696.999936 303.99976200000003
