Strawberry 105.411584 530.405376 219.189248 637.490176
Strawberry 0.0 266.039296 81.98656 408.261632
Strawberry 0.0 491.921408 112.104448 632.470528
Strawberry 0.0 383.163392 113.777664 518.692864
Strawberry 76.966912 282.771456 222.53568 419.974144
Strawberry 80.313344 356.391936 269.385728 535.425024
Strawberry 249.307136 423.320576 436.706304 592.313344
Strawberry 317.908992 322.927616 433.359872 440.052736
Strawberry 339.659776 496.941056 481.882112 662.588416
Strawberry 431.686656 314.56256 560.523264 423.320576
Strawberry 435.033088 394.875904 550.483968 525.385728
Strawberry 458.457088 512.0 644.18304 665.934848
Strawberry 523.712512 351.372288 694.37952 481.882112
Strawberry 530.405376 451.764224 701.072384 582.274048
Strawberry 696.052736 555.503616 895.163392 714.457088
Strawberry 709.43744 471.842816 846.640128 637.490176
Strawberry 726.1696 378.143744 843.293696 480.208896
Strawberry 829.908992 458.457088 970.457088 597.332992
Strawberry 833.2544 394.875904 970.457088 485.228544
Strawberry 883.45088 557.176832 1022.326784 744.574976
Strawberry 957.072384 408.261632 1022.326784 518.692864
Strawberry 962.091008 508.653568 1022.326784 662.588416
