Pear 0.07910706249999999 0.7063800833333334 0.11135600000000001 0.22265599999999988
Pear 0.09107393750000001 0.22428416666666665 0.109157 0.19531199999999996
Pear 0.25542081250000004 0.6979166666666666 0.10402900000000001 0.20898399999999992
Pear 0.2559105625 0.22786408333333333 0.09597 0.19042999999999996
Pear 0.3987675625 0.21549516666666668 0.09597 0.19335899999999998
Pear 0.4126865625 0.661133 0.09597099999999997 0.2509759999999999
Pear 0.5421126875 0.6679689999999999 0.09963300000000003 0.22070299999999995
Pear 0.5501723125 0.22200558333333334 0.08864499999999997 0.17675699999999997
Pear 0.673736125 0.6487633333333332 0.09890199999999993 0.22949200000000003
Pear 0.6881445625 0.20442658333333333 0.09743599999999997 0.20605499999999996
Pear 0.8117113125 0.6487628333333334 0.0879120000000001 0.1826169999999999
Pear 0.8419889375 0.19921825 0.10915799999999998 0.19629
