Pear 0.1538749375 0.8018700759075907 0.076316 0.1822220000000001
Pear 0.210875875 0.8024419108910891 0.05921000000000001 0.18000000000000016
Pear 0.3539166875 0.6341257458745875 0.06842100000000001 0.175555
Pear 0.4320625625 0.6530474158415842 0.09605199999999997 0.16888900000000004
Pear 0.46517275 0.5712655709570957 0.118421 0.19333299999999995
Pear 0.5939860625 0.3263150759075908 0.08157900000000007 0.18222199999999997
Pear 0.6722551875 0.33082541584158415 0.08421100000000004 0.17111099999999999
Pear 0.7229748125 0.3623765709570957 0.07236900000000002 0.193333
Pear 0.8814244375 0.3466888910891089 0.09342099999999998 0.22000000000000003
Pear 0.95481075 0.2670185907590759 0.08684199999999997 0.15333299999999997
