Pear 0.213203125 0.2665100833333333 0.0675 0.09666700000000002
Pear 0.268671875 0.5759375 0.08999999999999997 0.17333299999999996
Pear 0.3209765625 0.09213508333333333 0.06624999999999998 0.13
Pear 0.39828125 0.49651074999999995 0.10250000000000004 0.18166600000000002
Pear 0.47953125 0.17057258333333336 0.10249999999999998 0.176667
Pear 0.5361328125 0.53578125 0.07250000000000001 0.10333299999999997
Pear 0.6422265625 0.7518746666666667 0.06500000000000006 0.17833400000000008
Pear 0.6611328125 0.6804169999999999 0.07374999999999998 0.188333
Pear 0.70015625 0.4380205 0.07124999999999992 0.11000000000000003
Pear 0.7268359375 0.33208333333333334 0.07625000000000004 0.10499999999999998
Pear 0.7562109375 0.033854166666666664 0.10750000000000004 0.068333
Pear 0.7703125 0.4315628333333334 0.0787500000000001 0.11999999999999995
Pear 0.834453125 0.5689586666666666 0.0675 0.11500000000000006
Pear 0.8375 0.461458 0.06374999999999997 0.15833400000000006
Pear 0.873515625 0.31645799999999996 0.08374999999999999 0.15833400000000006
Pear 0.8766796875 0.5849475833333334 0.06999999999999995 0.14499999999999993
Pear 0.915703125 0.6978649166666666 0.0675 0.12333300000000014
Pear 0.947265625 0.8132288333333334 0.08374999999999999 0.11999999999999995
