Coconut 0.1741015625 0.8800815100286534 0.28437500000000004 0.23648
Coconut 0.0977734375 0.3237333123209169 0.029375 0.032997999999999986
Coconut 0.16203125 0.5296355959885387 0.07125000000000001 0.107241
Coconut 0.2759375 0.5172039312320916 0.046875 0.10540800000000003
Coconut 0.44578125 0.8368404699140402 0.19625000000000004 0.29514200000000007
Coconut 0.419921875 0.3278006475644699 0.02812500000000001 0.03024700000000003
Coconut 0.46421875 0.5008746074498568 0.05499999999999999 0.08982600000000002
Coconut 0.5389453125 0.4871256074498568 0.02562500000000001 0.090743
Coconut 0.64015625 0.7691125272206304 0.16562500000000002 0.2108159999999999
Coconut 0.6337890625 0.35306431232091695 0.01937500000000003 0.032081000000000005
Coconut 0.6648828125 0.4992112836676218 0.041874999999999996 0.07699299999999998
Coconut 0.7253125 0.4876956189111748 0.01749999999999996 0.07332699999999995
Coconut 0.7919921875 0.7113675272206303 0.14687499999999998 0.20989900000000009
Coconut 0.7778125 0.3290016532951289 0.01749999999999996 0.02199899999999999
Coconut 0.8080078125 0.4587649541547278 0.04249999999999998 0.07149399999999997
Coconut 0.8656640625 0.45194861891117477 0.01937499999999992 0.07332700000000003
Coconut 0.9259375 0.6717609426934097 0.10999999999999999 0.08799300000000006
Coconut 0.9149609375 0.34550065329512897 0.014375000000000027 0.021081999999999965
Coconut 0.93640625 0.4603672951289398 0.040000000000000036 0.05957799999999999
Coconut 0.9861328125 0.45303429512893983 0.011250000000000093 0.05957899999999999
