Coconut 0.3195703125 0.4976559166666667 0.026249999999999996 0.029166999999999943
Coconut 0.3819921875 0.4663538333333333 0.14749999999999996 0.153334
Coconut 0.3237890625 0.5271878333333334 0.019374999999999976 0.027500000000000007
Coconut 0.348984375 0.45864583333333336 0.044375 0.058333000000000045
Coconut 0.4223046875 0.41984375 0.03875000000000001 0.05666699999999995
Coconut 0.4313671875 0.4846354166666667 0.05312499999999998 0.04666699999999994
Coconut 0.423828125 0.5636458333333333 0.036250000000000004 0.058333000000000045
Coconut 0.8451953125 0.5218229166666667 0.026249999999999996 0.03083299999999996
Coconut 0.9161328125 0.4419788333333334 0.16625 0.18416699999999997
Coconut 0.8558203125 0.4991145833333333 0.026874999999999982 0.02083300000000003
Coconut 0.857890625 0.4493229166666666 0.020625000000000004 0.030833000000000037
Coconut 0.8892578125 0.3911975833333334 0.07374999999999998 0.08250000000000002
Coconut 0.977109375 0.43453158333333336 0.04375000000000007 0.08083299999999993
