Coconut 0.405364875 0.6774843333333332 0.059828999999999966 0.07407399999999997
Coconut 0.4180601875 0.6812236666666668 0.08546999999999999 0.11680899999999994
Coconut 0.4375415625 0.7033701666666667 0.034187999999999996 0.06837599999999992
Coconut 0.457014625 0.28220683333333335 0.051281999999999994 0.059828999999999986
Coconut 0.51365525 0.3301390833333333 0.16452999999999995 0.15954400000000005
Coconut 0.459518375 0.3524525 0.04487200000000002 0.07977200000000002
Coconut 0.5090893125 0.3358481666666666 0.057692999999999994 0.06837600000000003
Coconut 0.5601209375 0.8841481666666667 0.10897499999999993 0.16239299999999993
Coconut 0.5671490625 0.3325095 0.049144999999999994 0.07977200000000002
Coconut 0.7188580625 0.3170403333333333 0.04914600000000002 0.10541300000000002
