Coconut 0.50588575 0.276640625 0.02500000000000006 0.020625000000000004
Coconut 0.51755175 0.290390625 0.02500000000000006 0.020625000000000004
Coconut 0.58171875 0.2894921875 0.024999999999999984 0.02250000000000002
Coconut 0.5912496666666667 0.2746875 0.020833999999999946 0.01687500000000003
Coconut 0.60421875 0.2903125 0.024999999999999984 0.01687500000000003
Coconut 0.6002083333333333 0.3415625 0.010832999999999945 0.01687500000000003
Coconut 0.60671875 0.355390625 0.024999999999999984 0.020625000000000004
Coconut 0.6096878333333332 0.33171875 0.027500000000000153 0.023749999999999993
Coconut 0.6068753333333333 0.2767578125 0.010833000000000093 0.010624999999999996
Coconut 0.6241145833333334 0.3446875 0.02083300000000003 0.01687500000000003
