Coconut 0.4873828125 0.5818692401171303 0.19875000000000004 0.27954900000000005
Coconut 0.0322265625 0.5915997306002928 0.06625 0.17729899999999998
Coconut 0.037109375 0.4568133440702782 0.075 0.16885599999999995
Coconut 0.044921875 0.7883442767203513 0.090625 0.21106900000000015
Coconut 0.1158984375 0.7032327306002928 0.12312499999999998 0.1772980000000001
Coconut 0.1632421875 0.9231124421669108 0.116875 0.14915599999999987
Coconut 0.2390234375 0.6841721171303075 0.12437500000000001 0.18480299999999997
Coconut 0.406640625 0.3449096691068814 0.08250000000000002 0.13133199999999998
Coconut 0.44328125 0.4335975768667642 0.07187499999999997 0.06097600000000002
Coconut 0.5051953124999999 0.1927994729136164 0.18187499999999995 0.17073200000000002
Coconut 0.5222265625 0.3115859824304539 0.19062500000000004 0.274859
Coconut 0.6834765625 0.37818998243045393 0.19000000000000006 0.2729830000000001
Coconut 0.7032421875 0.6294837247437775 0.17937499999999995 0.267354
Coconut 0.7496484375 0.4787138960468521 0.06187500000000001 0.11350799999999998
Coconut 0.9335546875 0.46175779795021965 0.09999999999999998 0.13320899999999997
Coconut 0.9318359375 0.3671078345534407 0.07687499999999992 0.066604
Coconut 0.9694140625 0.5987187979502196 0.050000000000000044 0.13227000000000003
Coconut 0.989140625 0.4620304729136164 0.020000000000000018 0.17260799999999996
