Mango 0.0 208.50578 33.28 247.52132500000002
Mango 17.28 177.166345 47.36 216.181205
Mango 41.6 0.0 87.68 31.340120000000002
Mango 44.8 287.17529 71.04 318.51541000000003
Mango 282.24 425.966565 293.12 447.072785
Mango 295.68 449.63126 320.64 486.087645
Mango 299.52 360.728535 330.88 402.30187
Mango 330.88 66.51761 358.4 108.73005
Mango 336.0 331.3071 368.0 373.52022500000004
Mango 453.76 215.54141500000003 585.6 385.672125
Mango 525.44 153.50165 543.36 179.72482
Mango 620.8 210.42515 638.08 239.8459
Mango 727.04 19.827325 741.76 37.096175
Mango 740.48 273.74449500000003 755.84 289.733765
Mango 753.28 262.2317 766.72 276.30228500000004
Mango 753.28 207.22688499999998 775.68 234.72894999999997
Mango 805.76 327.46972999999997 837.12 368.403275
Mango 853.12 315.956935 884.48 357.53027000000003
Mango 934.4 233.45005500000002 958.08 260.95212000000004
Mango 938.24 58.202395 964.48 78.66951
