Mango 48.523264 46.850048 227.555328 254.326784
Mango 55.216128 588.966912 334.640128 1008.941056
Mango 58.56256 657.568768 140.54912 757.960704
Mango 107.0848 868.391936 195.764224 978.823168
Mango 112.104448 592.313344 189.072384 680.993792
Mango 184.052736 814.850048 267.712512 908.54912
Mango 189.072384 652.54912 294.483968 749.594624
Mango 204.130304 891.81696 299.503616 1008.941056
Mango 245.960704 756.287488 337.98656 853.332992
Mango 381.490176 903.529472 468.496384 995.555328
Mango 435.033088 860.025856 496.941056 965.43744
Mango 458.457088 846.640128 557.176832 973.80352
Mango 652.54912 769.673216 719.476736 851.659776
Mango 732.862464 430.01344 1002.248192 716.130304
