Watermelon 104.96 587.52 175.36 691.839744
Watermelon 253.44 467.199744 346.24 543.999744
Watermelon 307.84 625.92 459.52 766.08
Watermelon 385.92 407.679744 456.96 467.199744
Watermelon 428.16 374.4 486.4 423.680256
Watermelon 435.2 520.3199999999999 535.68 624.639744
Watermelon 515.2 333.44025600000003 565.76 373.119744
Watermelon 517.76 476.799744 584.32 542.7202560000001
Watermelon 548.48 426.24 620.8 480.63974399999995
Watermelon 564.48 313.599744 602.24 340.479744
Watermelon 584.32 293.76 622.08 321.920256
Watermelon 598.4 387.84000000000003 643.84 439.68
Watermelon 622.08 344.319744 657.92 386.559744
Watermelon 627.84 291.20025599999997 681.6 316.160256
Watermelon 639.36 318.080256 675.2 350.720256
Watermelon 672.64 299.52 704.64 333.44025600000003
