Watermelon 760.53504 443.32086 1023.121408 582.9009599999999
Watermelon 0.878592 330.07668 144.027648 465.267
Watermelon 27.225088 162.40461 72.892416 194.0073
Watermelon 107.142144 165.03834 129.097728 182.59539
Watermelon 134.367232 154.50411 173.008896 196.64103
Watermelon 165.10464 293.20583999999997 309.132288 409.96212
Watermelon 193.207296 157.13715 241.509376 193.12962
Watermelon 235.362304 165.03834 274.002944 190.49589
Watermelon 247.656448 133.43496 301.228032 182.59539
Watermelon 310.888448 251.06892000000002 444.377088 384.50388
Watermelon 631.437312 248.43519 1023.121408 571.48836
