Watermelon 33.92 395.52 122.24 522.8797440000001
Watermelon 81.28 647.04 138.24 705.2797439999999
Watermelon 174.08 639.36 314.24 767.360256
Watermelon 183.68 252.159744 283.52 469.11974399999997
Watermelon 224.0 493.43999999999994 309.12 540.159744
Watermelon 247.04 32.000256 347.52 132.48
Watermelon 270.72 360.320256 361.6 473.60025599999994
Watermelon 318.08 468.48 397.44 560.000256
Watermelon 472.96 464.64 524.8 520.3199999999999
Watermelon 506.24 205.44 590.72 284.79974400000003
Watermelon 557.44 128.64000000000001 646.4 211.839744
Watermelon 701.44 373.119744 782.72 446.079744
Watermelon 750.72 452.480256 842.24 565.119744
Watermelon 753.28 201.60000000000002 820.48 311.04
Watermelon 795.52 213.12 913.28 344.319744
