Coconut 33.28 532.2968940000001 324.48 697.3599340000001
Coconut 85.12 214.965852 115.2 237.998456
Coconut 129.92 332.685646 202.88 407.539864
Coconut 258.56 325.00834399999997 306.56 398.583128
Coconut 356.48 481.114648 557.44 687.123764
Coconut 416.0 218.80485199999998 444.8 239.917258
Coconut 447.36 318.610476 503.68 381.309024
Coconut 538.88 309.01367400000004 565.12 372.35228800000004
Coconut 571.52 463.840544 741.12 610.990112
Coconut 640.0 235.43889000000001 659.84 257.831428
Coconut 659.84 322.449476 702.72 376.19059
Coconut 734.72 315.411542 752.64 366.59378799999996
Coconut 736.0 423.53453399999995 886.4 570.044036
Coconut 788.48 222.643154 806.4 237.998456
Coconut 806.4 296.217938 849.92 346.12075
Coconut 877.44 290.460136 897.28 341.642382
Coconut 892.16 438.889138 1004.8 500.30825200000004
Coconut 929.92 234.159456 944.64 248.87469199999998
Coconut 938.88 301.336372 979.84 342.921816
Coconut 1004.8 296.217938 1016.32 337.80408
