Coconut 314.24 371.199744 341.12 393.59999999999997
Coconut 316.16 300.159744 467.2 417.920256
Coconut 322.56 394.88025600000003 342.4 416.00025600000004
Coconut 335.36 330.24 380.8 375.03974400000004
Coconut 413.44 301.44 453.12 344.96025599999996
Coconut 414.72 355.20000000000005 469.12 391.040256
Coconut 416.0 410.88 453.12 455.679744
Coconut 852.48 389.76 879.36 413.43974399999996
Coconut 853.12 269.439744 1023.36 410.88
Coconut 863.36 376.32 890.88 392.319744
Coconut 868.48 334.08 889.6 357.759744
Coconut 873.6 269.439744 949.12 332.79974400000003
Coconut 978.56 302.720256 1023.36 364.79999999999995
