Coconut 385.093632 492.30796799999996 446.358528 549.1967999999999
Coconut 385.093632 479.17977600000006 472.614912 568.889088
Coconut 431.04256 514.1882880000001 466.051072 566.701056
Coconut 441.982976 194.734848 494.495744 240.68352
Coconut 441.982976 192.54681599999998 610.461696 315.076608
Coconut 448.546816 240.68352 494.495744 301.948416
Coconut 492.307456 231.931392 551.385088 284.44416
Coconut 518.56384 617.025792 630.15424 741.743616
Coconut 555.76064 225.367296 606.08512 286.63219200000003
Coconut 711.110656 203.486976 761.43616 284.44416
