Coconut 350.08 576.0 483.84 732.800256
Coconut 353.28 574.08 486.4 735.999744
Coconut 382.08 397.43999999999994 499.84 462.08025599999996
Coconut 383.36 402.56025600000004 492.8 459.519744
Coconut 401.92 506.88 482.56 571.520256
Coconut 407.04 504.320256 482.56 571.520256
Coconut 511.36 427.520256 654.08 538.880256
Coconut 514.56 430.08000000000004 654.72 543.999744
Coconut 658.56 481.91999999999996 705.92 531.84
Coconut 661.12 480.63974399999995 703.36 533.1202559999999
Coconut 678.4 446.079744 727.04 487.040256
Coconut 679.68 446.079744 727.04 489.59999999999997
Coconut 684.8 599.679744 811.52 727.6800000000001
Coconut 690.56 593.919744 808.32 727.6800000000001
Coconut 732.16 458.24025599999993 787.84 509.43974399999996
Coconut 740.48 458.24025599999993 786.56 508.160256
