Coconut 147.84 355.2 193.28025599999998 407.68
Coconut 179.199744 325.76 226.56 376.32
Coconut 266.88 232.96 296.319744 271.36
Coconut 284.15999999999997 241.92 317.439744 276.48
Coconut 300.159744 269.44 329.600256 301.44
Coconut 312.320256 232.96 347.52 269.44
Coconut 333.44025600000003 256.0 359.679744 289.28
Coconut 364.79999999999995 499.2 399.99974399999996 538.88
Coconut 368.00025600000004 460.16 403.20000000000005 500.48
Coconut 380.79974400000003 433.92 405.12 471.04
Coconut 394.23974400000003 479.36 434.559744 516.48
