Coconut 0.0 654.080256 42.88 762.24
Coconut 9.6 389.120256 353.92 668.16
Coconut 61.44 190.719744 189.44 394.88025600000003
Coconut 210.56 446.079744 345.6 767.360256
Coconut 250.24 94.08 424.96 229.11974400000003
Coconut 266.24 156.800256 417.28 447.36
Coconut 300.8 402.56025600000004 463.36 556.160256
Coconut 357.76 526.719744 533.76 706.5600000000001
Coconut 487.04 0.0 636.8 351.99974399999996
Coconut 496.0 364.79999999999995 663.68 526.08
Coconut 562.56 90.24 665.6 172.160256
Coconut 569.6 135.03974399999998 734.72 258.560256
Coconut 660.48 197.76 779.52 320.64
Coconut 661.76 107.52000000000001 774.4 214.400256
Coconut 716.16 387.84000000000003 874.88 546.560256
Coconut 785.92 172.160256 951.68 296.96025599999996
Coconut 833.92 463.359744 1018.88 622.08
Coconut 888.32 357.759744 1023.36 487.040256
Coconut 940.8 194.55974399999997 1022.72 303.36
Coconut 975.36 98.559744 1023.36 196.47974399999998
Coconut 977.92 19.200000000000003 1022.72 106.239744
