Coconut 186.999808 450.000014 380.000256 634.000214
Coconut 190.999552 187.99984800000001 960.0 682.000088
Coconut 259.00032 383.99967499999997 302.999552 435.99988
Coconut 288.0 189.999672 497.999872 385.00027
Coconut 291.00032 395.00007300000004 323.999744 441.000123
Coconut 659.999744 585.9996570000001 721.999872 659.000063
Coconut 760.000512 557.00016 912.0 682.000088
Coconut 800.0 358.99982600000004 844.000256 404.99987600000003
Coconut 833.000448 409.000207 897.999872 460.999729
Coconut 910.000128 382.999763 961.999872 463.00023600000003
