Coconut 398.08 302.41669099999996 601.6 493.348658
Coconut 0.0 344.062616 67.84 465.157833
Coconut 0.0 255.00351400000002 76.8 370.332162
Coconut 0.0 466.43914099999995 92.8 610.599268
Coconut 55.68 420.307955 181.76 541.4024890000001
Coconut 108.16 580.485798 227.84 682.359346
Coconut 181.76 404.289556 309.12 530.510005
Coconut 374.4 191.573304 458.88 281.27306
Coconut 417.92 276.14714499999997 491.52 317.793753
Coconut 424.32 73.68204 610.56 190.291996
Coconut 437.76 119.813226 632.96 307.541923
Coconut 602.88 165.303758 797.44 351.75114700000006
Coconut 629.12 338.937384 812.8 521.540166
Coconut 736.64 288.961591 800.0 366.487555
Coconut 904.96 270.380576 1007.36 361.362323
Coconut 915.2 228.734651 993.92 274.225183
Coconut 967.68 363.924939 1018.88 454.265349
Coconut 1002.88 257.56681299999997 1023.36 375.45807699999995
