Coconut 0.0 396.118516 56.96 471.630796
Coconut 37.12 218.85692400000002 131.84 319.327016
Coconut 84.48 211.177774 160.64 298.209162
Coconut 136.96 300.768368 234.88 406.357638
Coconut 257.28 90.87058 316.8 208.61856799999998
Coconut 295.68 125.427138 399.36 234.85559999999998
Coconut 435.2 145.265006 510.72 270.051768
Coconut 458.88 101.749312 512.0 151.66417
Coconut 508.16 171.502038 580.48 247.65392799999998
Coconut 517.12 110.70844799999999 574.08 177.901202
Coconut 533.12 632.254102 609.28 708.405992
Coconut 543.36 65.912768 615.04 139.505452
Coconut 560.64 703.2868139999999 637.44 765.3603899999999
Coconut 569.6 234.85559999999998 686.08 350.683226
Coconut 570.88 140.785438 601.6 197.73907
Coconut 602.88 674.4898099999999 664.96 733.3630380000001
Coconut 638.72 733.3630380000001 700.8 765.3603899999999
Coconut 714.24 504.266992 831.36 633.534088
Coconut 759.04 624.5749519999999 868.48 721.844696
Coconut 806.4 547.782686 933.12 662.970702
Coconut 873.6 579.779272 983.68 719.284724
