Coconut 117.12 68.480256 233.6 209.91974399999998
Coconut 134.4 261.12 222.72 395.52
Coconut 206.72 262.400256 331.52 401.28
Coconut 440.96 361.599744 558.72 499.20000000000005
Coconut 446.08 256.640256 572.16 371.840256
Coconut 529.92 148.479744 640.64 271.359744
Coconut 538.88 321.920256 691.2 444.800256
Coconut 639.36 190.719744 766.72 311.04
Coconut 668.8 521.600256 815.36 682.880256
Coconut 714.88 380.15999999999997 880.0 519.039744
Coconut 852.48 161.91974399999998 979.2 288.63974399999995
