Peach 739.84 429.918448 850.56 524.103465
Peach 0.0 268.458614 15.36 293.44685200000004
Peach 0.0 284.47633 16.64 313.308492
Peach 0.0 166.585066 17.92 189.65134199999997
Peach 0.0 199.261835 19.2 246.674329
Peach 0.0 75.604002 26.24 104.43616399999999
Peach 0.0 74.322694 129.92 212.076281
Peach 0.0 271.662567 161.28 443.37354799999997
Peach 72.96 283.195022 293.76 473.48701800000003
Peach 90.24 170.429673 273.92 290.883553
Peach 216.32 196.699219 424.96 354.314446
Peach 267.52 314.5898 483.84 510.64836499999996
Peach 334.08 104.43616399999999 503.68 263.332699
Peach 414.08 190.93265000000002 592.64 333.170815
Peach 427.52 343.421962 652.16 544.605759
Peach 540.16 114.046657 806.4 299.212738
Peach 541.44 214.63889700000001 737.28 398.52367
Peach 634.88 0.0 827.52 40.364617
Peach 656.0 226.812689 970.88 595.86286
Peach 863.36 287.039629 1023.36 624.695022
