Peach 253.44 625.280256 325.12 677.1202559999999
Peach 305.28 272.00025600000004 369.92 362.240256
Peach 384.64 387.200256 432.0 478.719744
Peach 398.72 215.04000000000002 466.56 325.119744
Peach 450.56 412.160256 499.84 454.400256
Peach 454.4 343.68 548.48 445.43999999999994
Peach 470.4 605.439744 532.48 679.6800000000001
Peach 544.64 358.400256 585.6 407.04
Peach 570.88 261.759744 605.44 312.96
Peach 579.2 545.919744 626.56 597.7597440000001
Peach 635.52 209.91974399999998 724.48 282.879744
Peach 645.12 314.240256 708.48 372.48
Peach 666.24 441.59999999999997 721.92 502.400256
Peach 759.04 366.080256 808.96 421.76025599999997
Peach 908.16 536.960256 968.96 591.999744
Peach 919.04 26.240256000000002 971.52 68.480256
Peach 940.16 487.68 957.44 508.79999999999995
