Peach 153.583766 201.6 295.008814 364.16
Peach 191.980282 462.08 307.167532 558.72
Peach 265.5722 600.32 354.523184 682.88
Peach 286.69005400000003 357.12 431.314684 506.24
Peach 286.69005400000003 511.36 445.39376400000003 670.72
Peach 298.848772 698.24 428.115102 852.48
Peach 335.324926 280.32 461.39167399999997 401.28
Peach 654.011566 908.16 765.3603899999999 1023.36
Peach 678.329002 124.8 713.52517 161.28
Peach 690.48772 19.84 719.9250999999999 58.24
Peach 693.687302 220.8 704.5668 245.12
Peach 716.725518 30.08 748.081728 77.44
