Peach 55.04 465.49876 161.28 575.63088
Peach 69.12 365.6122 104.96 402.74972
Peach 103.68 401.4686 196.48 496.87396
Peach 179.84 171.60072000000002 215.04 205.53679999999997
Peach 229.12 140.2262 304.0 213.22011999999998
Peach 350.08 72.99459999999999 456.32 169.03984
Peach 396.16 0.0 485.12 83.23948
Peach 435.2 255.48008 577.28 388.02228
Peach 446.08 431.56336 524.8 523.12604
Peach 517.76 14.086879999999999 576.0 105.64956000000001
Peach 621.44 381.6194 700.16 469.34076
Peach 902.4 265.72496 949.76 343.20144000000005
Peach 919.68 92.84379999999999 1023.36 195.29192
