Peach 0.0 19.837868 163.84 150.384184
Peach 3.84 156.783348 142.72 319.327016
Peach 131.84 0.0 417.28 62.073575999999996
Peach 149.12 524.745236 318.08 751.921686
Peach 178.56 288.60965000000004 381.44 519.6260580000001
Peach 199.68 80.631458 368.0 300.768368
Peach 346.88 509.38693600000005 584.96 758.3208500000001
Peach 389.12 307.167532 592.64 498.508204
Peach 405.12 115.82762600000001 595.2 304.608326
Peach 595.2 264.93259 826.24 526.025222
Peach 604.16 83.19143 769.28 279.650514
Peach 604.16 530.50479 832.64 751.921686
