Peach 48.523264 570.56256 92.025856 609.045504
Peach 55.216128 853.332992 138.875904 945.359872
Peach 112.104448 486.90176 160.627712 527.058944
Peach 180.706304 612.391936 242.614272 669.28128
Peach 353.045504 276.078592 461.80352 406.588416
Peach 414.954496 562.19648 553.8304 696.052736
Peach 416.627712 654.222336 563.869696 766.326784
Peach 496.941056 471.842816 590.640128 568.889344
Peach 498.614272 102.065152 642.509824 259.346432
Peach 550.483968 687.686656 595.659776 751.26784
Peach 595.659776 731.189248 669.28128 794.771456
Peach 665.934848 416.627712 768.0 528.73216
Peach 712.783872 652.54912 838.274048 793.09824
Peach 756.287488 419.974144 876.758016 527.058944
Peach 856.679424 202.457088 963.764224 304.523264
