Peach 0.0 555.519744 22.4 601.599744
Peach 0.0 318.71999999999997 71.04 452.480256
Peach 58.88 296.319744 96.0 327.680256
Peach 62.08 177.279744 110.72 225.920256
Peach 77.44 129.279744 156.8 202.23974399999997
Peach 126.72 520.959744 186.24 567.039744
Peach 134.4 105.60000000000001 220.8 199.68
Peach 196.48 285.44025600000003 233.6 327.680256
Peach 223.36 279.03974400000004 249.6 305.28000000000003
Peach 224.64 483.84000000000003 278.4 529.280256
Peach 233.6 97.92 326.4 176.000256
Peach 234.88 150.399744 302.72 202.23974399999997
Peach 240.64 605.439744 312.96 690.560256
Peach 245.76 734.079744 343.68 767.360256
Peach 254.72 251.52 336.64 341.120256
Peach 291.84 471.03974400000004 360.96 530.559744
Peach 295.68 445.43999999999994 320.0 467.840256
Peach 336.64 524.7997439999999 383.36 576.639744
Peach 376.32 551.679744 488.96 675.84
Peach 392.32 366.080256 456.96 423.03974400000004
Peach 397.44 424.32 455.68 467.840256
Peach 403.2 48.639744 469.12 108.15974400000002
Peach 410.88 514.5600000000001 455.68 554.2402559999999
Peach 419.2 357.12 469.12 425.60025599999994
Peach 440.32 471.03974400000004 470.4 499.839744
Peach 440.32 113.919744 510.08 182.39999999999998
Peach 441.6 268.160256 485.12 320.00025600000004
Peach 481.28 401.91974400000004 567.04 483.84000000000003
Peach 494.08 214.400256 543.36 265.599744
Peach 511.36 467.840256 551.04 503.679744
Peach 523.52 275.199744 556.16 307.839744
Peach 540.8 209.91974399999998 576.0 251.52
Peach 543.36 251.52 565.76 286.719744
Peach 548.48 494.72025600000006 667.52 616.3199999999999
Peach 564.48 291.20025599999997 693.76 399.36
Peach 592.0 129.279744 650.24 187.520256
Peach 609.28 229.76025600000003 651.52 284.15999999999997
Peach 732.16 350.720256 798.72 425.60025599999994
Peach 774.4 403.20000000000005 839.68 455.04
Peach 830.08 0.0 873.6 22.400256
Peach 843.52 353.28000000000003 890.88 410.24025599999993
Peach 895.36 15.999744 965.12 75.519744
Peach 917.76 81.920256 995.84 161.28
