Peach 0.0 472.20571 36.48 501.037872
Peach 0.0 384.42791600000004 52.48 468.361103
Peach 0.0 117.891264 245.12 256.926159
Peach 20.48 330.608199 268.8 551.012982
Peach 37.76 445.936164 111.36 501.037872
Peach 177.92 104.43616399999999 196.48 142.878819
Peach 188.8 300.494046 322.56 418.38530999999995
Peach 192.64 116.609956 377.6 225.530698
Peach 234.88 363.284285 448.64 574.7192289999999
Peach 312.32 220.405466 1023.36 506.163104
Peach 335.36 104.43616399999999 524.8 209.51298200000002
Peach 465.28 89.05910200000001 629.76 178.11820400000002
