Peach 52.48 487.16730000000007 267.52 697.142205
Peach 85.76 286.794675 273.92 426.991635
Peach 99.84 65.93688 273.92 224.058555
Peach 263.04 179.24715 437.12 317.523195
Peach 279.04 361.054755 458.24 524.29734
Peach 421.12 53.774145 616.32 193.3308
Peach 448.0 250.30570500000002 650.88 441.075285
Peach 633.6 167.08365 800.64 312.40152
Peach 682.24 364.895055 826.88 542.861595
Peach 810.24 272.711025 972.16 429.55208999999996
Peach 817.92 87.06312 913.92 245.18403
Peach 856.32 487.16730000000007 1023.36 658.73232
