Peach 53.12 516.414934 210.56 652.88653
Peach 20.48 36.520693 64.0 55.74236200000001
Peach 28.8 75.604002 263.68 121.73518800000001
Peach 45.44 351.75114700000006 856.32 682.359346
Peach 67.84 174.27359700000002 466.56 268.458614
Peach 380.16 57.023669999999996 617.6 85.855832
Peach 430.08 10.251147 456.32 21.784285
Peach 465.28 3.20327 498.56 20.502977
Peach 508.8 110.84338699999999 858.88 183.244119
Peach 705.92 221.68677399999999 1023.36 422.22991700000006
Peach 760.96 23.065593000000003 788.48 37.802001
