Peach 0.0 453.000192 330.999808 767.000064
Peach 0.0 453.000192 332.000256 767.000064
Peach 0.0 0.0 339.999744 381.00019199999997
Peach 0.0 0.0 346.000384 392.00025600000004
Peach 273.000448 238.00012800000002 684.99968 682.0001279999999
Peach 277.000192 237.00019199999997 686.999552 681.000192
Peach 288.0 0.0 711.000064 179.000064
Peach 291.00032 0.0 716.000256 187.00032000000002
Peach 316.000256 722.999808 540.99968 767.000064
Peach 320.0 730.0001279999999 533.999616 767.000064
Peach 611.00032 39.999744 1022.999552 475.00032
Peach 613.999616 38.999808 1022.999552 478.00012799999996
Peach 616.999936 501.000192 1022.999552 767.000064
Peach 616.999936 506.999808 1022.999552 767.000064
