Peach 0.64 408.320256 163.84 584.319744
Peach 81.92 229.76025600000003 217.6 378.24
Peach 128.0 71.03999999999999 272.0 193.28025599999998
Peach 159.36 309.12 326.4 486.39974400000006
Peach 233.6 137.600256 376.32 282.879744
Peach 278.4 425.60025599999994 455.68 604.160256
Peach 328.96 239.36025600000002 482.56 384.63974399999995
Peach 372.48 72.96000000000001 518.4 203.52
Peach 635.52 211.839744 797.44 387.200256
Peach 648.96 34.56 805.12 182.39999999999998
Peach 774.4 314.88 956.16 515.840256
Peach 784.0 119.03999999999999 944.0 286.719744
Peach 921.6 48.639744 1023.36 194.55974399999997
Peach 942.72 243.20025599999997 1023.36 408.320256
