Peach 0.0 473.550392 68.48 610.4958720000001
Peach 0.0 632.8937119999999 174.08 765.3603899999999
Peach 94.72 499.78819 250.88 682.16896
Peach 469.76 697.5272600000001 680.96 765.3603899999999
Peach 482.56 403.79766600000005 657.28 558.021808
Peach 494.72 40.955722 991.36 558.021808
Peach 497.28 174.06201 645.12 320.60623599999997
Peach 540.8 39.675736 709.76 206.698206
Peach 588.16 282.210486 738.56 431.314684
Peach 622.72 533.063996 842.88 748.081728
Peach 655.36 159.34332 823.04 325.72618
Peach 662.4 415.316774 783.36 489.54906800000003
Peach 723.2 71.03271199999999 872.32 201.579028
Peach 732.16 288.60965000000004 886.4 448.593346
Peach 791.68 698.807246 931.2 765.3603899999999
Peach 812.8 414.03678800000006 986.88 576.57969
Peach 833.92 161.903292 983.04 284.770458
