Grape 71.399424 722.823168 133.762048 767.0968320000001
Grape 92.186624 560.188416 217.81504 701.138688
Grape 143.70304 726.437376 222.333952 767.0968320000001
Grape 259.38944 423.75551999999993 330.788864 573.741312
Grape 303.675392 656.865792 390.439936 767.0968320000001
Grape 328.981504 474.352896 425.688064 624.338688
Grape 412.130304 323.463168 544.98816 513.20448
Grape 616.388608 248.47027200000002 669.712384 393.03552
Grape 699.537408 292.743168 811.608064 415.62316799999996
Grape 828.780544 606.268416 860.412928 650.5413120000001
Grape 841.433088 714.6915839999999 894.756864 767.0968320000001
Grape 930.909184 598.1368319999999 1007.731712 699.331584
