Grape 0.0 208.639872 103.68 419.840064
Grape 151.68 229.760064 225.28 499.84012800000005
Grape 251.52 71.039808 346.24 513.279936
Grape 347.52 214.399872 355.84 225.279936
Grape 375.04 200.32012799999998 383.36 210.56025599999998
Grape 384.64 206.720064 394.88 215.679744
Grape 387.84 77.439744 507.52 424.96012800000005
Grape 512.64 268.800192 568.96 410.879808
Grape 543.36 207.99993600000002 556.16 220.79980799999998
Grape 570.88 236.799936 582.4 245.76019200000002
Grape 578.56 337.92019200000004 586.24 346.87987200000003
Grape 584.96 231.67987200000002 593.28 238.079808
Grape 586.24 341.759808 595.84 350.720064
Grape 587.52 365.439744 593.28 375.679872
Grape 590.08 359.039808 598.4 368.000064
Grape 612.48 291.200256 656.0 456.95980799999995
Grape 720.64 190.08 929.28 561.2797439999999
Grape 897.92 125.440128 1023.36 499.84012800000005
Grape 992.0 89.600256 1009.92 109.44
Grape 997.12 113.280192 1014.4 133.119936
Grape 1008.64 85.760064 1023.36 104.319936
Grape 1013.12 124.160256 1023.36 145.279872
Grape 1016.96 104.319936 1023.36 115.83993600000001
