Grape 0.0 341.120256 53.76 411.519744
Grape 133.12 313.599744 188.8 399.36
Grape 285.44 502.400256 322.56 558.080256
Grape 300.16 367.359744 409.6 473.60025599999994
Grape 343.68 524.7997439999999 389.76 590.079744
Grape 397.44 504.96 445.44 544.640256
Grape 400.64 135.03974399999998 449.28 203.52
Grape 403.2 18.560256000000003 434.56 76.80000000000001
Grape 464.0 47.360256 516.48 87.039744
Grape 635.52 220.79999999999998 720.64 284.15999999999997
Grape 730.88 147.84 787.84 199.68
Grape 810.24 116.480256 848.64 172.160256
Grape 867.2 305.28000000000003 942.72 364.79999999999995
Grape 878.08 85.760256 919.04 124.160256
Grape 895.36 236.79974400000003 922.88 285.44025600000003
Grape 950.4 67.19999999999999 991.36 126.72
Grape 974.72 247.040256 1023.36 325.119744
