Grape 198.4 28.160255999999997 620.8 574.719744
Grape 515.84 44.799744000000004 844.8 590.079744
Grape 782.08 569.600256 812.8 597.7597440000001
Grape 789.76 520.959744 825.6 558.080256
Grape 807.68 541.4399999999999 843.52 579.84
Grape 935.68 533.76 977.92 564.48
Grape 939.52 743.679744 977.92 766.719744
Grape 942.08 686.079744 983.04 711.680256
Grape 957.44 663.039744 995.84 696.320256
Grape 995.84 392.96025599999996 1022.72 431.36025600000005
Grape 995.84 460.79999999999995 1022.72 503.04
Grape 1008.64 432.63974399999995 1022.72 456.96
