Grape 152.32 565.664306 177.92 584.8611900000001
Grape 157.44 238.03966 280.32 360.89872499999996
Grape 160.0 551.5864019999999 176.64 560.545326
Grape 166.4 588.700425 184.32 613.016289
Grape 166.4 346.82153 478.72 566.944051
Grape 211.2 541.3484420000001 234.24 560.545326
Grape 236.8 213.723796 377.6 327.624646
Grape 462.08 570.7832860000001 538.88 666.766997
Grape 485.12 540.068697 504.32 556.706091
Grape 509.44 550.306657 531.2 566.944051
Grape 527.36 532.390227 541.44 549.0269119999999
Grape 532.48 532.390227 627.2 582.3017
Grape 701.44 422.32861199999996 801.28 474.799575
Grape 741.12 479.918555 972.8 604.058074
Grape 802.56 227.80169999999998 963.84 302.029037
