Grape 0.0 343.68 52.48 425.60025599999994
Grape 37.12 231.039744 86.4 315.519744
Grape 69.76 311.04 150.4 437.120256
Grape 100.48 220.160256 173.44 272.64
Grape 156.16 330.879744 209.92 428.799744
Grape 320.0 302.079744 458.88 535.040256
Grape 420.48 336.63974399999995 689.28 503.04
Grape 453.76 218.240256 505.6 247.68
Grape 644.48 512.000256 706.56 567.680256
Grape 800.64 434.559744 892.8 541.4399999999999
Grape 820.48 344.319744 885.12 421.11974399999997
Grape 888.96 350.720256 976.0 490.88025600000003
Grape 1003.52 360.320256 1015.68 371.199744
Grape 1003.52 354.560256 1023.36 396.800256
Grape 1012.48 367.359744 1023.36 376.32
Grape 1015.68 380.15999999999997 1020.8 387.200256
Grape 1018.24 389.76 1023.36 397.43999999999994
