Grape 0.0 373.119744 141.44 568.959744
Grape 131.84 533.1202559999999 182.4 581.76
Grape 217.6 89.600256 323.84 161.28
Grape 232.32 49.92 248.32 62.079744000000005
Grape 250.88 55.040256 264.32 72.320256
Grape 332.8 266.88 413.44 394.23974400000003
Grape 379.52 95.36025599999999 392.32 105.60000000000001
Grape 399.36 228.48 470.4 346.239744
Grape 513.92 256.640256 630.4 376.959744
Grape 577.92 109.44 650.24 182.39999999999998
Grape 631.68 371.840256 664.96 449.91974400000004
Grape 646.4 0.0 789.12 58.239744
Grape 728.32 76.80000000000001 751.36 104.31974400000001
Grape 752.64 106.880256 776.32 136.32
Grape 755.2 87.039744 772.48 108.15974400000002
Grape 776.32 288.0 796.16 300.159744
Grape 798.72 282.879744 821.12 306.560256
Grape 855.68 351.99974399999996 1023.36 611.199744
Grape 895.36 244.47974399999998 931.84 288.0
