Grape 0.0 370.400256 114.400256 616.8
Grape 50.400256 484.79999999999995 114.400256 618.399744
Grape 227.2 468.800256 303.200256 635.199744
Grape 278.4 356.79974400000003 436.799488 575.199744
Grape 370.400256 612.800256 408.800256 666.399744
Grape 432.799744 319.20000000000005 622.400512 559.2
Grape 659.2 310.400256 843.200512 555.2002560000001
Grape 844.8 306.399744 871.199744 370.400256
Grape 848.799744 388.79999999999995 936.800256 551.199744
Grape 898.400256 309.6 939.200512 347.199744
Grape 901.600256 321.6 910.400512 333.6
Grape 917.600256 323.199744 924.000256 332.00025600000004
Grape 917.600256 309.6 930.400256 323.199744
Grape 935.199744 518.4000000000001 980.799488 570.399744
Grape 980.799488 468.800256 1023.200256 560.7997439999999
