Grape 302.08 565.044087 336.0 623.9832749999999
Grape 312.32 516.355311 338.56 531.090108
Grape 332.16 413.853234 376.96 445.885431
Grape 506.88 465.10461300000003 536.96 477.276807
Grape 509.44 386.305422 538.24 408.72802800000005
Grape 534.4 412.572273 584.32 453.57324
Grape 606.72 390.149667 656.64 442.68200700000006
Grape 682.88 438.838443 743.04 525.9649019999999
Grape 741.76 344.664315 779.52 379.899255
Grape 765.44 370.930485 825.6 440.119404
Grape 872.96 454.854201 935.68 529.8091469999999
Grape 967.04 468.94817700000004 1009.28 508.668183
Grape 1005.44 411.290631 1023.36 442.68200700000006
