Grape 91.52 133.90898 133.12 182.603465
Grape 288.0 346.62591499999996 348.8 436.966325
Grape 331.52 109.562079 369.92 142.238165
Grape 449.92 160.178526 552.96 274.225183
Grape 480.0 328.0449 618.88 466.43914099999995
Grape 483.2 330.608199 552.96 461.95387999999997
Grape 565.76 328.0449 609.28 465.79848699999997
Grape 591.36 304.979307 603.52 319.715715
Grape 621.44 249.237628 675.2 342.78130799999997
Grape 651.52 370.332162 700.16 466.43914099999995
Grape 723.2 347.266569 766.72 395.96037099999995
Grape 737.28 345.985261 747.52 358.15837
Grape 741.12 360.721669 754.56 374.81742299999996
Grape 753.28 351.11049299999996 767.36 364.565593
Grape 788.48 175.555588 847.36 266.536652
Grape 789.12 217.842167 832.0 263.332699
Grape 867.2 94.82567099999999 876.8 109.562079
Grape 876.8 99.950903 887.04 113.406003
Grape 884.48 97.38828699999999 894.72 106.99878
