Grape 195.84 316.79999999999995 212.48 328.32
Grape 200.96 327.03974400000004 213.76 344.319744
Grape 219.52 320.64 235.52 336.63974399999995
Grape 285.44 458.24025599999993 298.88 472.32
Grape 300.16 447.36 309.12 459.519744
Grape 312.96 448.640256 325.12 463.359744
Grape 519.68 264.96 552.96 316.79999999999995
Grape 569.6 250.23974399999997 721.92 421.11974399999997
Grape 728.32 516.48 740.48 531.84
Grape 752.64 474.24 761.6 488.319744
Grape 760.32 500.480256 777.6 513.920256
Grape 771.2 567.680256 785.28 583.6800000000001
Grape 778.88 546.560256 798.72 565.119744
