Grape 357.471232 280.485394 397.263872 348.783288
Grape 425.782272 322.259511 487.460864 421.05944300000004
Grape 504.705024 116.03974199999999 742.134784 421.05944300000004
Grape 506.031104 210.19803000000002 625.409024 417.743886
Grape 596.891648 413.102242 645.305344 478.747962
Grape 614.134784 113.387568 749.42976 263.908288
Grape 724.228096 188.316576 846.2592 343.478261
Grape 744.787968 66.308424 888.041472 181.685462
Grape 847.58528 242.02615500000002 925.180928 352.761549
Grape 951.046144 63.65625 1023.336448 225.449049
