Grape 0.0 283.01328 96.64 360.48976000000005
Grape 123.52 127.41976 248.32 299.66104
Grape 124.16 345.76300000000003 146.56 361.7702
Grape 132.48 360.48976000000005 158.72 384.18096
Grape 154.88 357.9282 171.52 377.77808000000005
Grape 156.16 343.20144000000005 168.96 352.80575999999996
Grape 268.8 286.85528 465.28 525.6876
Grape 531.84 49.3034 647.04 205.53679999999997
Grape 544.0 8.32388 562.56 28.173080000000002
Grape 558.72 16.007199999999997 578.56 35.85708
Grape 562.56 0.0 583.68 10.885440000000001
Grape 574.72 8.32388 586.24 22.41076
Grape 760.96 80.67792 776.32 97.32568
Grape 764.8 63.3896 778.88 77.47648
Grape 773.76 46.10196 781.44 60.828720000000004
Grape 820.48 80.03736 864.64 126.77987999999999
Grape 871.68 62.749719999999996 989.44 221.54399999999998
