Grape 0.0 572.7997439999999 90.88 767.360256
Grape 0.0 9.600000000000001 181.76 267.519744
Grape 0.0 286.08 237.44 631.040256
Grape 0.0 0.0 1023.36 767.360256
Grape 49.92 583.6800000000001 533.76 767.360256
Grape 60.16 140.799744 360.32 392.96025599999996
Grape 159.36 0.0 600.96 153.60000000000002
Grape 233.6 314.88 602.24 641.919744
Grape 608.0 655.359744 1009.92 767.360256
Grape 610.56 0.0 823.68 145.92000000000002
Grape 624.0 153.60000000000002 931.84 386.559744
Grape 636.8 387.84000000000003 1018.88 709.119744
Grape 827.52 0.0 1023.36 151.040256
Grape 889.6 148.479744 1023.36 373.119744
