Grape 18.56 275.506491 133.12 433.121718
Grape 128.64 125.579795 173.44 183.244119
Grape 142.08 331.889507 404.48 580.485798
Grape 269.44 282.554368 318.08 317.153099
Grape 539.52 291.524207 573.44 374.17608600000005
Grape 542.08 233.219229 567.04 262.05139099999997
Grape 573.44 196.699219 599.68 245.393021
Grape 605.44 181.96281100000002 627.2 246.674329
Grape 645.76 231.93792100000002 669.44 297.93143
Grape 710.4 260.770083 737.92 304.338653
Grape 768.0 183.244119 854.4 280.632406
Grape 897.92 285.757638 963.2 350.469839
