Grape 64.64 638.079744 131.2 740.480256
Grape 119.04 611.840256 188.16 687.36
Grape 147.2 485.120256 316.16 613.119744
Grape 346.88 407.04 519.68 535.040256
Grape 570.24 381.44025600000003 643.2 434.559744
Grape 597.76 334.08 636.16 366.080256
Grape 625.92 355.20000000000005 653.44 391.040256
Grape 653.44 367.359744 743.68 447.99974399999996
Grape 694.4 315.519744 723.84 353.919744
Grape 759.04 296.96025599999996 803.2 353.919744
Grape 810.88 286.719744 858.24 335.36025600000005
Grape 854.4 253.44 970.88 314.240256
