Grape 130.56 32.000256 887.04 746.2402559999999
Grape 339.2 0.0 375.04 17.919744
Grape 352.0 23.04 380.16 52.479744000000004
Grape 407.04 0.0 450.56 17.919744
Grape 453.12 57.599999999999994 497.92 80.64
Grape 496.64 0.0 560.64 44.799744000000004
Grape 568.32 733.4399999999999 625.92 766.719744
Grape 593.92 0.0 641.28 19.200000000000003
Grape 665.6 692.480256 732.16 766.719744
Grape 682.24 42.24 733.44 83.199744
Grape 698.88 15.36 729.6 44.799744000000004
Grape 728.32 20.480256 764.16 44.799744000000004
Grape 858.88 124.160256 887.04 157.44
