Grape 14.08 305.42404 94.08 431.56336
Grape 135.04 560.26356 208.64 649.26536
Grape 192.64 423.23948 225.28 465.49876
Grape 218.88 596.7605199999999 262.4 651.82692
Grape 234.88 376.49696000000006 259.84 423.23948
Grape 281.6 485.34864000000005 356.48 586.51632
Grape 379.52 430.28224 449.28 517.36372
Grape 400.64 267.64596 438.4 321.43124
Grape 400.64 0.0 450.56 67.2316
Grape 401.92 96.04524 464.64 194.01147999999998
Grape 437.12 218.98311999999999 478.08 263.80396
Grape 457.6 465.49876 499.84 506.47828
Grape 490.88 0.0 530.56 35.21652
Grape 492.16 270.20684 554.24 372.65564
Grape 499.2 101.16767999999999 581.76 186.32748
Grape 549.76 297.74004 588.16 333.59712
Grape 597.12 299.02048 640.64 389.94328
Grape 673.28 101.16767999999999 795.52 295.17916
Grape 679.68 358.56876 729.6 429.0018
Grape 732.16 377.77808000000005 762.88 432.20324
Grape 879.36 216.42156000000003 915.84 278.5314
Grape 905.6 240.11276 1014.4 368.81364
Grape 959.36 0.0 1023.36 82.59891999999999
