Grape 156.16 267.03641799999997 368.64 681.359602
Grape 411.52 121.03113 582.4 461.070192
Grape 659.2 149.207278 689.28 185.7086
Grape 661.12 466.19337599999994 758.4 681.359602
Grape 666.24 402.15562199999994 696.32 437.37683
Grape 672.0 80.68742 698.24 121.67152800000001
Grape 704.64 149.207278 728.32 172.901322
Grape 718.08 188.270192 735.36 208.121848
Grape 961.92 569.934442 992.0 603.8741719999999
Grape 989.44 632.6913999999999 1009.28 662.788742
Grape 1009.28 642.296688 1023.36 673.674826
