Grape 207.36 122.16153 273.28 189.318245
Grape 207.36 313.39846 284.8 490.56480500000004
Grape 298.24 215.54141500000003 404.48 345.37837
Grape 307.2 169.49092000000002 499.2 344.09878999999995
Grape 334.08 201.47083 339.84 210.42515
Grape 335.36 182.9224 344.96 191.87672
Grape 380.8 338.342735 425.6 414.45376999999996
Grape 388.48 163.095075 493.44 298.048295
Grape 443.52 246.88153499999999 630.4 431.72262
Grape 451.84 316.596725 497.28 429.164145
Grape 595.84 485.44785499999995 688.0 599.294855
Grape 645.76 248.16043 702.08 330.66731
Grape 789.12 347.936845 803.2 384.39323
Grape 844.16 225.77531499999998 866.56 282.059025
Grape 909.44 242.404375 939.52 286.536185
Grape 926.72 260.95212000000004 976.64 296.7694
Grape 931.84 353.05311 950.4 380.55586000000005
Grape 1000.96 268.627545 1020.8 299.967665
