Grape 0.0 346.3308 62.08 482.04639
Grape 140.8 266.309505 268.8 591.51483
Grape 300.16 134.43498 317.44 158.12167499999998
Grape 327.68 186.928515 407.04 260.54829
Grape 328.96 155.560455 352.64 181.807605
Grape 363.52 0.0 476.8 135.71559000000002
Grape 488.32 444.91635 596.48 624.1635
Grape 533.12 160.68213 555.52 202.93308000000002
Grape 575.36 115.86995999999999 596.48 151.07985
Grape 587.52 155.560455 606.08 186.928515
Grape 606.08 165.80304 637.44 195.891255
Grape 668.8 99.86616 688.64 136.9962
Grape 700.8 144.67756500000002 720.64 175.406085
Grape 848.0 566.54829 947.2 729.790875
Grape 890.24 534.5399249999999 913.92 562.707225
Grape 903.68 151.07985 1023.36 259.26768
