Grape 142.08 390.39974400000006 302.08 534.399744
Grape 165.76 248.960256 366.72 399.99974399999996
Grape 272.0 435.200256 387.84 571.520256
Grape 294.4 154.880256 410.88 292.479744
Grape 315.52 391.68 497.92 550.400256
Grape 353.92 302.079744 447.36 399.99974399999996
Grape 353.92 200.319744 512.64 385.280256
Grape 484.48 264.96 597.12 414.08025599999996
Grape 531.2 412.79999999999995 677.76 519.039744
Grape 572.16 493.43999999999994 728.32 644.480256
Grape 581.12 289.92 705.28 422.40000000000003
Grape 645.76 459.519744 739.84 586.239744
