Grape 204.16 440.81024899999994 281.6 522.18082
Grape 254.08 460.672572 352.64 554.857589
Grape 326.4 452.343387 394.88 538.198536
Grape 498.56 293.44685200000004 556.16 365.846901
Grape 499.84 378.02069300000005 587.52 474.768326
Grape 553.6 399.80497800000006 632.32 498.474573
Grape 617.6 383.146608 700.16 472.20571
Grape 621.44 340.859346 688.64 392.116447
Grape 666.24 184.525427 757.12 314.5898
Grape 757.12 219.124158 849.92 322.27833100000004
Grape 760.96 0.0 828.8 62.789556
Grape 762.24 201.824451 857.6 260.770083
Grape 816.0 57.023669999999996 933.76 131.987018
Grape 832.64 0.0 945.92 94.185017
