Grape 0.0 491.52 30.079871999999998 607.36
Grape 0.6399360000000001 645.76 46.08 771.84
Grape 8.960256000000001 574.08 94.719744 708.48
Grape 30.079871999999998 848.64 147.200256 917.12
Grape 37.119744 689.28 180.479808 851.84
Grape 72.320256 545.92 220.79980799999998 710.4
Grape 113.920128 822.4 184.32 892.16
Grape 145.279872 869.76 302.720256 932.48
Grape 152.31974400000001 731.52 323.839872 887.04
Grape 177.280128 602.24 330.87974399999996 745.6
Grape 220.79980799999998 549.76 344.960064 617.6
Grape 290.559744 776.96 448.00012799999996 924.16
Grape 315.520128 581.12 479.359872 775.04
Grape 400.64025599999997 773.12 512.64 918.4
