Grape 1.28 399.36 209.92 543.999744
Grape 136.96 247.040256 271.36 384.0
Grape 180.48 582.399744 239.36 625.92
Grape 206.08 642.560256 244.48 678.399744
Grape 247.04 623.360256 285.44 661.760256
Grape 257.28 67.839744 785.92 576.0
Grape 285.44 633.5999999999999 330.24 679.6800000000001
Grape 666.88 330.24 760.32 413.43974399999996
Grape 810.24 746.2402559999999 852.48 766.719744
Grape 884.48 296.96025599999996 1022.72 450.56025600000004
Grape 917.76 712.959744 934.4 739.839744
Grape 938.24 695.04 974.08 747.519744
Grape 984.32 727.040256 1020.16 759.039744
