Grape 143.447224 703.159296 540.489771 849.811456
Grape 144.728073 884.39296 176.10739900000002 909.36832
Grape 232.461806 851.73248 593.0016310000001 1018.235904
Grape 267.042763 816.509952 296.501307 844.688384
Grape 310.589663 872.224768 322.757237 886.313984
Grape 312.510445 860.0576 324.678019 872.224768
Grape 327.87965 853.013504 341.968989 865.180672
Grape 334.924811 840.845312 349.013167 856.855552
Grape 372.067466 840.845312 386.155822 854.934528
Grape 593.0016310000001 803.06176 915.1189350000001 902.324224
Grape 614.775081 609.020928 632.705984 630.15424
Grape 628.863437 598.13376 641.0310109999999 610.941952
Grape 635.908598 578.921472 653.198585 598.13376
