Grape 81.92 270.923561 166.115328 351.745
Grape 130.844672 361.99 210.489344 438.258561
Grape 240.070656 426.875 323.129344 507.696439
Grape 333.369344 465.57856100000004 432.355328 563.475
Grape 336.782336 104.726439 428.942336 193.516439
Grape 348.16 56.916439000000004 424.390656 108.141439
Grape 385.707008 399.55499999999995 474.452992 476.961439
Grape 420.977664 77.406439 479.004672 153.675
Grape 458.524672 445.08856099999997 538.169344 524.771439
Grape 539.307008 410.938561 591.644672 511.111439
Grape 598.470656 150.26 807.822336 341.5
