Grape 0.0 283.835676 92.8 440.16959499999996
Grape 0.0 133.90898 104.32 288.961591
Grape 16.64 0.0 189.44 142.878819
Grape 33.28 136.471596 136.96 279.351098
Grape 65.28 287.680283 166.4 435.685017
Grape 105.6 131.346364 229.12 257.56681299999997
Grape 144.0 222.968082 314.24 399.16432399999997
Grape 156.8 107.639434 257.92 182.603465
Grape 167.68 0.0 301.44 62.789556
Grape 235.52 140.316203 361.6 238.985798
Grape 250.24 10.251147 403.84 171.710981
Grape 307.84 386.349878 440.32 488.22342599999996
Grape 320.64 296.650122 481.28 461.95387999999997
Grape 400.64 0.0 545.28 141.597511
Grape 448.0 438.888287 537.6 527.9473889999999
Grape 471.68 77.525964 635.52 245.393021
Grape 507.52 225.530698 666.24 390.194485
Grape 556.8 524.103465 709.12 636.868814
Grape 579.2 479.253587 707.84 593.300244
Grape 599.04 388.912494 739.2 529.228697
Grape 613.76 232.57857500000003 728.96 387.631186
Grape 701.44 342.78130799999997 837.76 501.67852600000003
