Grape 221.44 279.680256 582.4 503.04
Grape 389.76 716.16 416.0 743.679744
Grape 418.56 701.439744 440.96 725.1202559999999
Grape 439.68 705.2797439999999 476.8 732.800256
Grape 443.52 735.999744 471.68 767.360256
Grape 467.2 468.48 551.04 550.400256
Grape 480.64 663.039744 506.88 689.28
Grape 503.04 645.7597440000001 533.76 677.76
Grape 544.0 480.63974399999995 594.56 519.039744
Grape 549.76 418.56000000000006 613.12 488.319744
Grape 568.32 366.71999999999997 622.08 427.520256
Grape 597.12 455.04 630.4 510.72
Grape 614.4 389.120256 647.68 451.20000000000005
Grape 663.04 424.959744 691.2 465.920256
