Grape 48.99125 209.512704 163.51624999999999 273.193728
Grape 145.065 380.1792 167.97 414.567168
Grape 155.88125000000002 328.597248 178.14999999999998 370.62681599999996
Grape 176.8775 350.885376 207.4175 398.646528
Grape 178.14999999999998 701.13408 211.23499999999999 719.602176
Grape 206.145 359.164416 239.23 412.01971199999997
Grape 212.5075 705.59232 246.86499999999998 721.512192
Grape 787.6775 267.46291199999996 828.3974999999999 341.970432
Grape 792.7675 163.02489599999998 818.85375 212.059392
Grape 806.12875 628.5373440000001 833.4875 666.746112
Grape 894.5675 166.845696 1009.72875 227.980032
Grape 925.1075 629.810688 1017.36375 666.746112
Grape 985.55125 336.238848 1006.5475 370.62681599999996
Grape 1001.4575 278.28864 1017.36375 321.59232
