Grape 169.6 421.11974399999997 241.92 558.72
Grape 261.76 536.319744 273.28 550.400256
Grape 270.72 525.440256 281.6 538.880256
Grape 369.28 418.56000000000006 453.76 556.160256
Grape 480.0 311.679744 607.36 513.920256
Grape 531.2 526.08 579.2 560.64
Grape 583.68 458.24025599999993 666.88 593.28
Grape 628.48 280.959744 714.24 416.00025600000004
Grape 768.64 236.16 821.76 302.079744
Grape 777.6 331.520256 818.56 417.27974399999994
Grape 793.6 376.32 906.24 635.52
Grape 833.92 172.8 844.8 192.63974399999998
