Grape 12.16 181.321474 55.68 241.549097
Grape 145.92 475.40898 232.32 600.348121
Grape 216.96 57.664324 279.68 105.076818
Grape 241.92 404.289556 451.84 679.155393
Grape 263.04 142.878819 345.6 220.405466
Grape 319.36 197.33987299999998 425.6 394.038409
Grape 485.76 0.0 914.56 342.78130799999997
Grape 724.48 454.265349 879.36 625.335676
Grape 728.96 456.828648 852.48 514.492289
Grape 736.0 0.0 915.84 138.394241
Grape 807.68 576.00122 874.88 625.9763300000001
Grape 889.6 126.220449 1023.36 256.285505
Grape 989.44 538.839873 1023.36 596.503514
