Grape 272.0 399.99974399999996 300.8 444.0
Grape 290.400256 241.599744 344.000512 293.600256
Grape 298.399744 553.599744 312.000512 561.5999999999999
Grape 389.600256 156.0 576.0 588.0
Grape 525.599744 540.0 662.4 716.000256
Grape 615.999488 210.399744 797.599744 508.79999999999995
Grape 706.400256 572.000256 714.399744 579.999744
Grape 711.199744 579.999744 723.2 588.0
Grape 724.799488 570.399744 736.799744 579.999744
Grape 727.199744 560.000256 736.799744 568.8
Grape 760.000512 459.99974399999996 789.600256 507.99974399999996
