Grape 180.148224 745.244672 203.851776 777.481216
Grape 412.444672 820.148224 420.977664 853.332992
Grape 430.45888 809.718784 463.644672 867.555328
Grape 616.296448 0.0 814.45888 465.54112
Grape 702.577664 691.2 724.384768 732.918784
Grape 729.125888 734.815232 743.348224 765.155328
Grape 736.710656 681.718784 759.467008 706.37056
Grape 763.25888 754.725888 787.910656 787.910656
Grape 877.984768 706.37056 894.103552 752.82944
Grape 911.17056 365.984768 939.615232 399.17056
Grape 929.184768 651.377664 971.851776 757.57056
Grape 968.05888 351.763456 1010.725888 374.518784
