Grape 98.56 0.0 450.56 350.469839
Grape 231.04 340.21869200000003 290.56 397.883016
Grape 374.4 237.70449 661.76 660.575061
Grape 426.88 167.867057 489.6 227.45334300000002
Grape 446.72 126.220449 496.0 182.603465
Grape 456.96 261.410737 534.4 326.763592
Grape 472.96 216.560859 529.28 262.692045
Grape 485.76 182.603465 543.36 228.734651
Grape 489.6 126.220449 545.92 186.447389
Grape 535.68 156.333919 594.56 194.13592
Grape 544.64 181.321474 605.44 240.26710599999998
Grape 545.92 99.950903 619.52 171.070327
Grape 588.16 211.434944 647.04 279.99175199999996
