Mango 0.03125 0.1724609375 0.064062 0.07656299999999999
Mango 0.0595703125 0.2662109375 0.120312 0.13906300000000002
Mango 0.072265625 0.0861333125 0.145313 0.120312
Mango 0.144140125 0.1576176875 0.16093800000000003 0.16406199999999999
Mango 0.4921875 0.420703625 0.579687 0.457812
Mango 0.3833989375 0.1748041875 0.20156200000000002 0.08437499999999998
Mango 0.4228515625 0.7751953125 0.25312500000000004 0.245313
Mango 0.3908208125 0.0810546875 0.16718699999999997 0.164062
Mango 0.56015625 0.10703175 0.16562500000000002 0.212499
Mango 0.72890625 0.665234375 0.16406300000000007 0.23124999999999996
Mango 0.8234375 0.1103515625 0.20468699999999995 0.221875
Mango 0.9593755 0.1818359375 0.078125 0.170313
Mango 0.96328125 0.0556640625 0.07031300000000007 0.1125
