Mango 0.13430006249999998 0.14633793750000001 0.174836 0.20261400000000002
Mango 0.1896641875 0.7792645625 0.272875 0.410131
Mango 0.09625249999999999 0.690985125 0.080065 0.09803899999999999
Mango 0.14754375 0.9017499375 0.08660100000000001 0.10784300000000002
Mango 0.146586375 0.62139975 0.075164 0.08660199999999996
Mango 0.2197780625 0.840673875 0.081699 0.091503
Mango 0.23542225 0.68413 0.102941 0.09477099999999994
Mango 0.2452444375 0.927555625 0.09313800000000003 0.11437900000000001
Mango 0.28511787499999997 0.785437 0.089869 0.09477099999999994
Mango 0.4145411875 0.927274875 0.08496699999999996 0.08986899999999998
Mango 0.454133875 0.89065025 0.06045699999999998 0.10294100000000006
Mango 0.4955635625 0.8883204375 0.09640599999999999 0.12418300000000004
Mango 0.6694815625 0.7906965 0.06535899999999994 0.08006499999999994
Mango 0.846545375 0.5595834375 0.263072 0.279411
