Mango 0.1301953125 0.14791633333333334 0.183125 0.23222300000000004
Mango 0.1735546875 0.4581945555555556 0.25749999999999995 0.29999999999999993
Mango 0.20414062500000002 0.24833322222222223 0.208125 0.19666699999999998
Mango 0.1923828125 0.8673612222222222 0.13624999999999998 0.2599999999999999
Mango 0.3370703125 0.8047225555555556 0.12062499999999998 0.23888900000000005
Mango 0.37890625 0.11284722222222222 0.133125 0.226667
Mango 0.42125 0.3981943333333333 0.15749999999999997 0.3544449999999999
Mango 0.435 0.6657635555555556 0.09562500000000002 0.20777800000000005
Mango 0.4994921875 0.17888866666666667 0.14749999999999996 0.333334
Mango 0.5311328125 0.06159744444444445 0.16625 0.10999999999999999
Mango 0.53625 0.5516664444444443 0.09437499999999999 0.138889
Mango 0.575703125 0.8495142222222222 0.16125 0.22777699999999998
Mango 0.7055078125 0.20090244444444444 0.19874999999999998 0.296667
Mango 0.806171875 0.8427782222222222 0.18374999999999997 0.19666600000000006
Mango 0.8238671875 0.10701377777777778 0.17937500000000006 0.214445
Mango 0.8676171875 0.3479861111111111 0.17937499999999995 0.31888900000000003
Mango 0.8553125 0.6816662222222222 0.14249999999999996 0.19777800000000006
