Grapefruit 1.600512 483.2 184.000512 769.599488
Grapefruit 81.599488 14.399488 265.6 128.0
Grapefruit 243.2 113.599488 454.4 267.200512
Grapefruit 251.199488 307.2 318.399488 355.2
Grapefruit 259.2 268.8 323.2 321.600512
Grapefruit 387.2 489.6 484.799488 577.599488
Grapefruit 504.000512 536.000512 537.6 569.6
Grapefruit 512.0 460.8 548.799488 502.4
Grapefruit 526.400512 566.4 540.8 588.8
Grapefruit 539.200512 540.8 568.000512 569.6
Grapefruit 624.0 916.799488 708.799488 1001.6
Grapefruit 627.2 814.400512 720.0 905.6
Grapefruit 713.6 912.0 796.8 998.4
Grapefruit 796.8 0.0 896.0 73.6
Grapefruit 856.000512 494.399488 990.400512 600.000512
Grapefruit 912.0 267.200512 988.8 339.2
