Grapefruit 0.0 262.400256 28.8 302.079744
Grapefruit 0.0 42.879744 39.04 92.799744
Grapefruit 0.0 164.480256 42.88 215.679744
Grapefruit 3.2 346.880256 174.08 763.520256
Grapefruit 20.48 192.0 76.16 240.0
Grapefruit 81.28 26.880000000000003 175.36 111.35999999999999
Grapefruit 122.24 275.199744 163.2 308.480256
Grapefruit 147.84 1.92 216.32 25.599744
Grapefruit 232.32 0.0 327.68 80.000256
Grapefruit 257.28 230.39999999999998 470.4 510.72
Grapefruit 289.28 509.43974399999996 327.68 536.319744
Grapefruit 293.12 45.440256 385.92 140.799744
Grapefruit 389.76 561.2797439999999 429.44 588.800256
Grapefruit 412.16 672.0 454.4 706.5600000000001
Grapefruit 437.12 582.399744 471.68 613.760256
Grapefruit 462.08 666.8797440000001 511.36 707.840256
Grapefruit 483.2 726.399744 515.2 758.4000000000001
Grapefruit 515.2 458.24025599999993 549.76 487.040256
Grapefruit 544.64 487.040256 586.88 521.600256
Grapefruit 551.04 452.480256 598.4 493.43999999999994
Grapefruit 567.04 72.96000000000001 1002.24 321.920256
Grapefruit 703.36 137.600256 766.72 193.28025599999998
Grapefruit 713.6 698.88 750.72 734.7202560000001
Grapefruit 729.6 757.119744 760.96 767.360256
Grapefruit 738.56 421.11974399999997 786.56 472.32
Grapefruit 758.4 371.840256 795.52 406.400256
Grapefruit 762.88 485.76 790.4 528.0
Grapefruit 787.84 435.200256 837.76 469.76025599999997
Grapefruit 790.4 723.84 830.08 757.119744
Grapefruit 817.92 566.4000000000001 853.76 600.96
Grapefruit 896.0 421.11974399999997 951.68 468.48
