Grapefruit 0.64 203.52 21.76 216.32
Grapefruit 32.64 0.0 64.0 22.4
Grapefruit 40.32 363.52 67.84 416.0
Grapefruit 65.28 0.0 92.8 23.68
Grapefruit 70.4 442.24 99.2 469.76
Grapefruit 115.2 336.0 145.28 359.68
Grapefruit 116.48 73.6 163.84 118.4
Grapefruit 119.04 412.16 149.12 438.4
Grapefruit 150.4 462.08 176.64 484.48
Grapefruit 155.52 337.28 177.92 360.96
Grapefruit 161.28 442.24 187.52 464.64
Grapefruit 162.56 42.24 190.08 65.92
Grapefruit 175.36 493.44 197.76 511.36
Grapefruit 181.76 258.56 210.56 291.2
Grapefruit 255.36 31.36 277.76 67.2
Grapefruit 285.44 1.28 380.16 48.64
Grapefruit 301.44 99.84 343.04 127.36
Grapefruit 411.52 111.36 432.64 137.6
Grapefruit 474.24 211.2 497.92 234.88
Grapefruit 657.92 74.88 872.32 234.88
Grapefruit 718.08 41.6 780.16 99.84
