Grapefruit 12.288 230.02041599999998 76.459008 301.688232
Grapefruit 56.660992 509.18364 131.755008 579.4866000000001
Grapefruit 264.192 462.087672 349.524992 517.374552
Grapefruit 276.48 38.223072 354.304 108.526032
Grapefruit 343.380992 0.0 430.08 56.65173600000001
Grapefruit 397.995008 34.810488 458.068992 114.668328
Grapefruit 726.356992 149.478816 793.259008 187.701888
Grapefruit 733.867008 684.59916 823.979008 778.109112
Grapefruit 823.979008 706.441296 916.820992 805.41156
Grapefruit 868.352 85.31904 922.964992 146.74821599999999
Grapefruit 907.947008 666.853368 958.464 752.172408
