Grapefruit 133.90898 396.16 263.332699 501.12
Grapefruit 149.92669600000002 197.12 263.332699 319.36
Grapefruit 222.968082 609.92 314.5898 728.96
Grapefruit 226.812689 473.6 365.206247 620.16
Grapefruit 246.03367500000002 758.4 377.380039 891.52
Grapefruit 288.320937 296.96 433.121718 453.76
Grapefruit 288.320937 618.88 435.044363 734.08
Grapefruit 508.726403 398.08 645.197999 527.36
Grapefruit 520.899512 534.4 617.006491 624.0
Grapefruit 524.744119 218.24 592.65959 300.16
Grapefruit 559.342167 662.4 682.359346 784.64
Grapefruit 597.785505 354.56 652.2458760000001 396.16
Grapefruit 636.22816 172.8 682.359346 245.76
