Grapefruit 0.0 718.16192 113.95236 819.695616
Grapefruit 1.23828 666.157056 63.16928000000001 730.544128
Grapefruit 2.47724 775.119872 110.23684 949.707776
Grapefruit 63.16928000000001 614.152192 215.5192 760.261632
Grapefruit 106.52064 747.879424 255.15504 833.31584
Grapefruit 222.95092000000002 760.261632 396.35704 943.516672
Grapefruit 283.64296 591.864832 361.67568 646.345728
Grapefruit 294.79019999999997 739.211264 408.74324 832.077824
Grapefruit 440.94736 839.506944 564.80868 973.233152
Grapefruit 494.20768 643.869696 572.2404 711.970816
Grapefruit 514.0256 678.539264 597.0128 783.787008
