Grapefruit 44.8 397.599744 87.199744 429.59999999999997
Grapefruit 159.200256 188.000256 203.199488 226.400256
Grapefruit 195.2 221.600256 247.199744 266.4
Grapefruit 275.2 526.400256 311.199744 570.399744
Grapefruit 384.799744 551.199744 438.4 607.2
Grapefruit 385.600512 189.60000000000002 421.600256 228.0
Grapefruit 487.199744 528.0 536.800256 574.400256
Grapefruit 548.799488 461.60025599999994 611.2 533.600256
Grapefruit 571.200512 0.0 624.799744 51.99974400000001
Grapefruit 601.6 318.399744 657.599488 360.0
Grapefruit 601.6 20.000256 663.199744 72.0
Grapefruit 615.199744 732.0 652.8 759.999744
Grapefruit 711.199744 282.399744 759.199744 326.4
Grapefruit 788.799488 581.600256 820.799488 605.600256
Grapefruit 805.600256 387.99974399999996 865.599488 447.99974399999996
Grapefruit 851.2 560.000256 877.599744 584.000256
Grapefruit 867.2 423.99974399999996 928.799744 471.99974399999996
Grapefruit 917.600256 144.0 977.599488 194.39999999999998
Grapefruit 963.2 279.99974399999996 984.800256 302.4
Grapefruit 971.200512 242.39999999999998 1013.600256 289.599744
