Grapefruit 796.72832 191.610961 1001.017344 385.777309
Grapefruit 0.0 606.769453 40.8576 765.168073
Grapefruit 201.735168 508.40897 385.596416 698.742622
Grapefruit 243.87072 195.443657 406.025216 344.900345
Grapefruit 305.15712 300.19068500000003 482.633728 500.74434700000006
Grapefruit 375.382016 470.086624 555.411456 660.4202760000001
Grapefruit 679.262208 72.81199600000001 859.291648 241.429857
Grapefruit 681.81504 195.443657 796.72832 385.777309
Grapefruit 685.645824 378.112686 832.479232 540.344002
Grapefruit 686.922752 68.980069 1007.401984 537.7893839999999
Grapefruit 842.693632 373.00345 1006.125056 464.976619
