Grapefruit 817.92 462.72 949.76 567.04
Grapefruit 82.56 510.08 204.8 639.36
Grapefruit 275.2 624.0 399.36 760.32
Grapefruit 287.36 574.72 397.44 658.56
Grapefruit 309.76 497.92 421.76 602.88
Grapefruit 397.44 672.64 538.88 817.92
Grapefruit 402.56 548.48 514.56 662.4
Grapefruit 595.2 424.32 701.44 548.48
Grapefruit 640.64 732.16 778.88 872.32
Grapefruit 652.8 398.08 695.04 455.68
Grapefruit 695.04 364.8 800.0 480.64
Grapefruit 695.04 476.8 805.12 602.88
Grapefruit 748.8 340.48 798.08 378.88
Grapefruit 776.96 466.56 820.48 512.0
Grapefruit 782.08 317.44 904.96 459.52
Grapefruit 869.76 375.68 937.6 467.84
