Grapefruit 0.0 398.14195200000006 75.100107 498.2208
Grapefruit 43.53669 375.297792 121.90182100000001 462.322944
Grapefruit 93.60342800000001 208.86144000000002 223.123942 325.25798399999996
Grapefruit 96.86845199999999 535.206912 167.61488999999997 597.21216
Grapefruit 161.084842 541.7333759999999 231.83128 605.915136
Grapefruit 177.410873 101.16710400000001 299.312694 217.563648
Grapefruit 296.04767 460.1472 304.755008 469.93766400000004
Grapefruit 315.639636 485.167104 323.258329 491.694336
Grapefruit 317.816015 462.322944 326.523353 467.76192
Grapefruit 321.08103900000003 442.742016 328.69973200000004 452.53247999999996
Grapefruit 326.523353 462.322944 331.965667 469.93766400000004
Grapefruit 350.468077 463.410432 360.26406 475.37663999999995
Grapefruit 370.060043 451.44499199999996 380.94376 459.059712
Grapefruit 372.236422 462.322944 380.94376 469.93766400000004
Grapefruit 377.678736 464.498688 511.552919 621.144576
Grapefruit 383.12104999999997 449.269248 394.004767 457.971456
Grapefruit 481.07723599999997 607.002624 489.78457399999996 614.617344
Grapefruit 482.16588100000007 614.617344 487.60819499999997 625.4960639999999
Grapefruit 656.31173 717.960192 668.284092 733.1896320000001
Grapefruit 662.842689 710.345472 673.726406 723.399168
Grapefruit 679.16872 741.892608 693.317461 753.8580479999999
Grapefruit 690.052437 741.892608 697.6711300000001 752.7705599999999
Grapefruit 697.6711300000001 585.2467200000001 705.290734 593.948928
Grapefruit 742.296465 759.2977920000001 760.798875 766.912512
Grapefruit 754.2688270000001 586.334208 766.2411890000001 596.124672
Grapefruit 761.88752 578.719488 772.772148 587.422464
Grapefruit 793.4518479999999 585.2467200000001 799.981896 591.7731839999999
Grapefruit 797.805517 708.1697280000001 806.5128550000001 720.135936
Grapefruit 807.600589 754.9463039999999 820.6615959999999 766.912512
Grapefruit 809.777879 679.886592 818.485217 691.8528
Grapefruit 809.777879 742.980096 818.485217 754.9463039999999
Grapefruit 821.7502410000001 696.204288 828.2812 704.906496
Grapefruit 829.3689340000001 609.1783680000001 838.076272 620.05632
Grapefruit 831.546224 746.243328 843.518586 757.1220480000001
Grapefruit 836.9876270000001 751.683072 848.9608999999999 760.38528
Grapefruit 838.076272 553.699584 844.607231 562.40256
Grapefruit 883.7893409999999 583.070976 890.3203 601.5636480000001
Grapefruit 901.204017 592.8614399999999 909.9113550000001 603.739392
