Grapefruit 658.56 140.86608 847.36 334.87756
Grapefruit 58.24 96.04524 74.88 113.97344000000001
Grapefruit 90.88 174.80216000000001 118.4 203.6158
Grapefruit 177.28 236.27143999999998 202.24 266.36552
Grapefruit 195.84 251.63876000000002 219.52 279.81184
Grapefruit 222.08 276.61039999999997 254.72 296.4596
Grapefruit 270.72 103.72856 294.4 132.5422
Grapefruit 273.28 11.525319999999999 303.36 39.05852
Grapefruit 814.72 582.67432 943.36 679.35944
Grapefruit 859.52 211.29912000000002 951.68 268.9264
Grapefruit 900.48 502.63628 1023.36 631.3371599999999
