Grapefruit 259.2 446.576818 328.96 518.9775500000001
Grapefruit 260.48 117.891264 351.36 176.19624199999998
Grapefruit 277.76 501.67852600000003 391.68 580.485798
Grapefruit 331.52 420.307955 452.48 508.085066
Grapefruit 453.76 403.00824800000004 556.16 505.52245
Grapefruit 481.28 127.50175700000001 561.28 167.867057
Grapefruit 544.0 441.45090300000004 622.72 518.9775500000001
Grapefruit 673.92 475.40898 759.04 555.498243
Grapefruit 688.64 126.220449 784.0 199.261835
Grapefruit 705.28 526.666081 823.68 611.880576
Grapefruit 766.08 442.732894 885.76 543.965105
