Grapefruit 0.0 364.8 107.199488 633.6
Grapefruit 0.0 358.4 113.599488 636.8
Grapefruit 78.400512 624.0 115.2 665.6
Grapefruit 120.000512 624.0 176.0 654.400512
Grapefruit 225.600512 569.6 302.399488 622.400512
Grapefruit 236.8 615.999488 313.6 660.799488
Grapefruit 312.000512 465.600512 611.2 723.2
Grapefruit 467.2 167.999488 630.4 295.999488
Grapefruit 473.6 167.999488 632.000512 291.2
Grapefruit 670.400512 487.999488 993.599488 784.0
Grapefruit 683.200512 496.0 987.200512 790.4
Grapefruit 860.8 292.799488 1022.400512 568.000512
Grapefruit 867.2 297.6 1022.400512 553.6
