Lemon 5.76 313.27296 39.68 355.55584000000005
Lemon 10.88 267.14688 29.44 297.25696
Lemon 42.24 480.48064 99.84 561.8419200000001
Lemon 88.96 330.57088 147.2 401.68192
Lemon 144.64 386.94719999999995 199.68 444.60479999999995
Lemon 190.08 393.35360000000003 250.88 460.62080000000003
Lemon 302.08 34.59456 345.6 69.18912
Lemon 319.36 85.84576 379.52 151.83168
Lemon 372.48 474.71488 427.52 534.2944
Lemon 389.76 513.15328 432.0 550.95104
Lemon 412.16 464.46464 464.64 513.15328
Lemon 465.92 461.90207999999996 504.32 523.4035200000001
Lemon 624.64 234.47424 668.16 279.31904
Lemon 647.04 333.13344 689.28 367.08736
Lemon 656.64 159.51936 695.68 188.34816
Lemon 693.12 444.60479999999995 753.28 479.84000000000003
Lemon 841.6 529.80992 910.72 600.9209599999999
Lemon 844.16 59.579519999999995 887.04 112.112
Lemon 901.76 0.0 925.44 15.37536
