Lemon 183.154688 233.05948 311.87456 306.691305
Lemon 193.400832 345.747645 336.850944 443.06951
Lemon 300.988416 117.810265 408.574976 201.68629
Lemon 423.304192 407.85409 507.19744 538.47026
Lemon 445.718528 246.50532 577.000448 338.06449499999997
Lemon 480.941056 85.15655 546.902016 176.715725
Lemon 487.344128 221.534755 564.83328 347.02817
Lemon 617.346048 390.566675 749.908992 489.169065
Lemon 637.198336 151.74516 776.165376 236.90105499999999
Lemon 690.992128 268.2749 840.205312 357.91296
