Lemon 113.28 258.560256 130.56 273.920256
Lemon 118.4 351.99974399999996 136.96 370.56
Lemon 232.32 278.4 254.72 292.479744
Lemon 253.44 247.68 268.16 266.240256
Lemon 270.72 325.760256 288.0 344.319744
Lemon 350.08 329.600256 371.2 348.159744
Lemon 367.36 369.279744 380.16 378.879744
Lemon 401.28 236.16 421.12 250.23974399999997
Lemon 414.72 355.20000000000005 426.88 366.71999999999997
Lemon 426.88 234.24 445.44 248.960256
Lemon 454.4 232.959744 474.24 257.28000000000003
Lemon 455.68 0.0 480.64 14.720256
Lemon 462.72 366.71999999999997 478.08 378.879744
Lemon 480.64 250.23974399999997 507.52 267.519744
Lemon 488.96 0.0 512.64 13.440000000000001
Lemon 488.96 231.680256 515.2 255.999744
Lemon 497.92 402.56025600000004 510.08 414.72
Lemon 506.24 20.480256 527.36 45.440256
Lemon 531.2 313.599744 554.88 339.20025599999997
Lemon 570.88 200.319744 593.28 226.56
Lemon 584.32 291.20025599999997 602.88 315.519744
Lemon 592.0 205.44 618.24 231.680256
Lemon 614.4 346.880256 638.08 370.56
Lemon 677.76 323.199744 708.48 355.20000000000005
Lemon 714.88 300.800256 748.16 336.63974399999995
Lemon 768.0 62.720256000000006 786.56 81.279744
Lemon 812.8 10.880256000000001 826.24 25.599744
Lemon 888.32 324.48 912.0 356.480256
Lemon 912.0 37.760256 936.96 54.399744
Lemon 915.84 67.839744 936.96 87.680256
Lemon 942.72 48.0 963.84 74.240256
Lemon 965.12 45.440256 984.96 63.99974400000001
Lemon 986.24 286.08 998.4 307.20000000000005
