Lemon 8.32 492.800256 163.84 545.28
Lemon 12.16 434.559744 174.72 488.319744
Lemon 51.84 377.600256 214.4 437.120256
Lemon 337.28 180.48 386.56 227.840256
Lemon 378.24 172.160256 432.64 231.680256
Lemon 428.8 170.88 508.16 230.39999999999998
Lemon 628.48 520.3199999999999 766.08 639.36
Lemon 698.24 504.320256 810.88 603.519744
Lemon 723.84 216.320256 789.76 275.840256
Lemon 730.24 266.240256 834.56 319.359744
Lemon 750.08 241.28025599999998 817.28 280.959744
Lemon 775.04 512.64 846.72 553.599744
Lemon 787.2 261.12 844.16 327.03974400000004
