Lemon 0.0 223.36 55.765094000000005 307.2
Lemon 52.560376 207.36 147.42453 328.32
Lemon 64.73885 328.32 155.757206 417.28
Lemon 185.883192 316.16 266.005916 412.16
Lemon 205.112864 407.04 331.385164 543.36
Lemon 222.41929599999997 564.48 344.84579799999995 709.76
Lemon 255.75 632.96 392.27821600000004 774.4
Lemon 287.158146 307.2 360.87007 394.88
Lemon 336.513122 574.72 415.353686 700.8
Lemon 397.40617399999996 764.16 518.550516 884.48
Lemon 422.40420200000005 0.0 499.321526 67.84
Lemon 427.53216 377.6 497.39828600000004 450.56
