Lemon 4.48 804.096015 60.16 849.550863
Lemon 101.12 275.287857 181.12 347.630436
Lemon 123.52 514.723941 191.36 582.585378
Lemon 131.2 573.623094 209.28 628.040226
Lemon 185.6 306.657609 243.84 377.72036399999996
Lemon 277.12 332.265516 366.08 423.17521200000004
Lemon 290.56 414.21204900000004 390.4 514.723941
Lemon 358.4 334.186131 447.36 441.10065899999995
Lemon 471.68 750.3187949999999 561.92 834.8258549999999
Lemon 547.2 766.964418 625.28 834.8258549999999
Lemon 552.96 0.0 648.32 88.34829
Lemon 557.44 813.6990900000001 628.48 877.079385
Lemon 601.6 736.87449 670.72 818.1802319999999
Lemon 616.32 309.858927 723.2 432.137496
Lemon 886.4 748.3981799999999 942.08 820.7416380000001
Lemon 919.04 157.49043 1005.44 246.478632
Lemon 924.16 722.790273 1023.36 813.6990900000001
