Lemon 39.999488 237.00019199999997 140.99968 387.99974399999996
Lemon 113.999872 528.999936 286.000128 669.000192
Lemon 261.000192 72.0 405.999616 200.000256
Lemon 355.999744 638.999808 480.0 764.000256
Lemon 416.0 480.0 551.999488 610.0001279999999
Lemon 478.999552 286.000128 599.000064 396.99993600000005
Lemon 481.999872 0.0 618.999808 50.999808
Lemon 691.999744 612.0 839.999488 767.000064
Lemon 727.000064 116.00025600000001 835.999744 228.0
Lemon 890.999808 351.99974399999996 1018.000384 485.99961600000006
