Grape 0.3998046875 0.39213575 0.4125 0.711666
Grape 0.66390625 0.4124996666666667 0.3212499999999999 0.71
Grape 0.7783984375 0.7598961666666666 0.029999999999999916 0.036666000000000164
Grape 0.7878515625 0.7017705 0.03500000000000003 0.04833399999999995
Grape 0.8053515625 0.7297395833333332 0.03500000000000003 0.05000000000000012
Grape 0.9342578125 0.71453125 0.04125000000000001 0.040000000000000036
Grape 0.9360546875 0.9826559166666667 0.03749999999999998 0.029999999999999954
Grape 0.93953125 0.908958 0.039999999999999925 0.033333999999999975
Grape 0.9535546875 0.8841663333333334 0.03749999999999998 0.04333399999999991
Grape 0.9851953125 0.5364065833333332 0.026249999999999996 0.05000000000000012
Grape 0.9851953125 0.62734375 0.026249999999999996 0.055000000000000084
Grape 0.9918359375 0.578958 0.01375000000000004 0.031667000000000035
