Grape 0.16046875 0.8105279351198872 0.024999999999999994 0.027076000000000097
Grape 0.2133203125 0.42177667136812413 0.12 0.17328499999999994
Grape 0.1640625 0.7836197489421719 0.016249999999999987 0.012636000000000196
Grape 0.1703125 0.8472502468265162 0.017499999999999988 0.03429600000000005
Grape 0.31484375 0.644318095909732 0.30500000000000005 0.31046899999999994
Grape 0.2169921875 0.7762319351198873 0.02250000000000002 0.027075999999999937
Grape 0.299609375 0.380428485190409 0.1375 0.16065
Grape 0.488359375 0.871344550070522 0.07500000000000001 0.1353789999999998
Grape 0.4825390625 0.7730164978843442 0.01874999999999999 0.02346599999999996
Grape 0.507265625 0.7874564978843441 0.021250000000000047 0.02346599999999996
Grape 0.5218359375 0.7621864978843441 0.01375000000000004 0.02346499999999992
Grape 0.5658984375 0.7847534936530324 0.09250000000000003 0.070397
Grape 0.7328515625 0.6323393681241184 0.09749999999999992 0.07400700000000006
Grape 0.8360546875 0.7643421086036671 0.22624999999999995 0.175091
Grape 0.861875 0.3734861777150916 0.15750000000000008 0.10469300000000005
