Grape 0.025390625 0.4995833333333333 0.05125 0.10666699999999991
Grape 0.0596875 0.3555205000000001 0.04812500000000001 0.10999999999999999
Grape 0.1071875 0.48703125 0.07875 0.16416699999999995
Grape 0.13328125000000002 0.3205211666666667 0.07125 0.06833299999999998
Grape 0.177890625 0.493333 0.05249999999999999 0.12749999999999995
Grape 0.3798828125 0.5443746666666667 0.135625 0.303334
Grape 0.541484375 0.5464059166666666 0.26249999999999996 0.21666700000000008
Grape 0.4675390625 0.30239616666666663 0.05062500000000003 0.03833300000000003
Grape 0.6596484375 0.70182325 0.06062499999999993 0.07249999999999994
Grape 0.826796875 0.6348434166666667 0.08999999999999997 0.1391669999999999
Grape 0.8325 0.49781216666666667 0.06312499999999999 0.09999999999999994
Grape 0.9101171875 0.5478128333333333 0.08499999999999996 0.18250000000000002
Grape 0.985859375 0.47567741666666663 0.011874999999999969 0.014166000000000048
Grape 0.9887890625 0.48901075 0.01937500000000003 0.055000000000000014
Grape 0.9936328125 0.4835413333333333 0.010624999999999996 0.01166700000000002
Grape 0.993828125 0.49890624999999994 0.0050000000000000044 0.009167000000000073
Grape 0.996328125 0.51140625 0.0050000000000000044 0.009999999999999934
