Grape 0.068359375 0.6121350833333333 0.138125 0.25499999999999995
Grape 0.1531640625 0.7254169999999999 0.049375 0.06333300000000008
Grape 0.2642578125 0.16223991666666668 0.10374999999999998 0.093333
Grape 0.2346875 0.0728125 0.015625 0.015833000000000003
Grape 0.250859375 0.08208366666666667 0.013124999999999998 0.022500000000000003
Grape 0.3640625 0.42953125 0.07874999999999999 0.16583300000000004
Grape 0.376484375 0.13067741666666666 0.012500000000000011 0.01333300000000002
Grape 0.4241796875 0.37302083333333336 0.06937499999999996 0.15333299999999997
Grape 0.558515625 0.41229200000000005 0.11375000000000002 0.15666599999999997
Grape 0.59953125 0.189375 0.07062500000000005 0.09499999999999997
Grape 0.6325 0.53494825 0.032500000000000084 0.10166600000000003
Grape 0.7005859375 0.037760416666666664 0.13937500000000003 0.075833
Grape 0.7219921875 0.11692708333333335 0.022499999999999964 0.035833000000000004
Grape 0.7457421875 0.15739616666666667 0.023125000000000062 0.038332999999999985
Grape 0.7453125 0.12635383333333333 0.016874999999999973 0.027500000000000024
Grape 0.7669140625 0.3828125 0.01937499999999992 0.015832999999999986
Grape 0.7907421875 0.3826559166666667 0.021874999999999978 0.030833999999999955
Grape 0.9166796875 0.62630175 0.16375000000000006 0.3375000000000001
Grape 0.891953125 0.34567675 0.03562500000000002 0.05666700000000002
