Grape 0.0556640625 0.64244825 0.111719 0.3208329999999999
Grape 0.080469 0.7171875 0.0625 0.17395800000000014
Grape 0.258984375 0.7184899166666666 0.07421900000000003 0.21666600000000003
Grape 0.3490234375 0.6065100833333333 0.15468700000000002 0.284375
Grape 0.3802736875 0.8317711666666666 0.03749999999999998 0.06979100000000009
Grape 0.5144528749999999 0.571875 0.18515700000000007 0.3125
Grape 0.73359375 0.5630211666666667 0.17968799999999996 0.3187500000000001
Grape 0.8376953125 0.44062466666666666 0.025781000000000054 0.08333400000000002
Grape 0.87187475 0.61171875 0.08593799999999996 0.21145800000000006
Grape 0.89687525 0.4265625 0.03984399999999999 0.04895799999999998
Grape 0.88437525 0.4265625 0.008594000000000102 0.015625
Grape 0.8990236875 0.4260413333333333 0.006250000000000089 0.011459000000000033
Grape 0.901953375 0.4109375 0.012500000000000067 0.017707999999999984
Grape 0.934765375 0.7075520833333334 0.04453099999999999 0.06770799999999995
Grape 0.9783198125 0.66901075 0.04140699999999997 0.11979099999999991
