Grape 0.310625 0.8723114346549192 0.033125000000000016 0.08654799999999992
Grape 0.3176953125 0.7685100014684288 0.02562500000000001 0.021636999999999938
Grape 0.345859375 0.6312088604992657 0.043749999999999956 0.047036999999999995
Grape 0.5096484375 0.6917835726872247 0.02937500000000004 0.017873999999999987
Grape 0.511171875 0.5834147165932453 0.02812500000000001 0.032926000000000046
Grape 0.5453125 0.6352015756240822 0.04875000000000007 0.060207000000000004
Grape 0.6159375 0.6110861483113069 0.04874999999999996 0.07714000000000006
Grape 0.696171875 0.7075454375917768 0.05874999999999997 0.12793899999999994
Grape 0.741953125 0.5310782892804699 0.03687499999999999 0.051739999999999994
Grape 0.776796875 0.5946115785609397 0.05874999999999997 0.101599
Grape 0.8827734375 0.7222528649045521 0.061249999999999916 0.11006599999999993
Grape 0.9648828125 0.7165171468428781 0.04125000000000001 0.05832599999999993
Grape 0.9896875 0.6259774317180617 0.01749999999999996 0.046096000000000054
