Grape 0.10890625 0.23119909224011714 0.04062500000000001 0.07129499999999998
Grape 0.310546875 0.5733907979502195 0.05937500000000001 0.13227000000000003
Grape 0.3423046875 0.18383906149341142 0.03750000000000003 0.047842000000000016
Grape 0.4891796875 0.31797734407027817 0.10062500000000002 0.16697900000000002
Grape 0.5361328125 0.5813248901903367 0.135625 0.20262699999999995
Grape 0.505078125 0.5792213748169839 0.06812500000000005 0.19230699999999992
Grape 0.5730078125 0.5798607613469985 0.04249999999999998 0.20168899999999998
Grape 0.583359375 0.4567779019033675 0.011874999999999969 0.021575999999999974
Grape 0.632265625 0.4322659267935578 0.05249999999999999 0.13695999999999994
Grape 0.6596875 0.6124921844802342 0.04749999999999999 0.14071299999999995
Grape 0.7267578125 0.5435820922401171 0.04249999999999998 0.07129399999999993
Grape 0.7248828125 0.5153517730600292 0.010000000000000009 0.017823000000000016
Grape 0.729609375 0.5383919019033675 0.013124999999999942 0.020637999999999917
Grape 0.7424609375 0.5228557730600293 0.01375000000000004 0.019700000000000023
Grape 0.7983203125 0.32292179795021964 0.057499999999999996 0.133208
Grape 0.7911328125 0.3511598345534407 0.041874999999999996 0.066604
Grape 0.85078125 0.14908590190336748 0.009374999999999911 0.021576000000000015
Grape 0.8611328125 0.15512577306002928 0.010000000000000009 0.019700000000000002
Grape 0.8686328125 0.14844551537335285 0.010000000000000009 0.014071000000000007
