Grape 0.3676476875 0.4631596377025037 0.038860000000000006 0.10058600000000006
Grape 0.445099875 0.5467739484536082 0.060233000000000037 0.1455080000000001
Grape 0.608110375 0.3947566156111929 0.231865 0.4492190000000001
Grape 0.5517881875 0.4612636671575847 0.11658000000000002 0.30566399999999994
Grape 0.6063395 0.6555261296023563 0.04727899999999996 0.09667999999999997
Grape 0.6651706875 0.2774485537555228 0.13212400000000002 0.22168000000000007
Grape 0.7668243125 0.3907460618556701 0.11917099999999992 0.22851499999999997
Grape 0.7966679375 0.18160298085419735 0.13989600000000002 0.169922
Grape 0.864829375 0.4374464727540501 0.07577699999999998 0.16308599999999998
Grape 0.96391225 0.21157032400589101 0.07059599999999999 0.238281
