Grape 0.0439453125 0.8721350833333332 0.08875 0.25333400000000017
Grape 0.087890625 0.17916666666666667 0.1775 0.335833
Grape 0.115234375 0.5964583333333333 0.231875 0.44916700000000004
Grape 0.4990234375 0.4986979166666667 0.999375 0.999167
Grape 0.2841015625 0.8784895833333334 0.4725 0.239167
Grape 0.205234375 0.3473955 0.29312499999999997 0.32833399999999996
Grape 0.37046875 0.09895833333333333 0.43125 0.20000000000000004
Grape 0.4078125 0.6222395833333333 0.36 0.4258330000000001
Grape 0.7890625 0.9262496666666666 0.39249999999999996 0.1458340000000001
Grape 0.699765625 0.09375 0.208125 0.19000000000000003
Grape 0.7587890625 0.3510416666666667 0.30062500000000003 0.303333
Grape 0.8083984375 0.7133333333333334 0.37312500000000004 0.4183329999999999
Grape 0.9028515625 0.09765625 0.19125000000000003 0.196667
Grape 0.933203125 0.3391663333333333 0.130625 0.29250000000000004
