Grape 0.190859375 0.5056774166666668 0.2 0.3891659999999999
Grape 0.41625 0.7102600833333333 0.15749999999999997 0.2858340000000001
Grape 0.48296875 0.4159371666666667 0.05562499999999998 0.13166699999999998
Grape 0.5574609374999999 0.8321354166666667 0.13937499999999997 0.29666699999999996
Grape 0.6274609375 0.12312533333333335 0.2025 0.19999999999999998
Grape 0.5603515625 0.46166666666666667 0.06562500000000004 0.08583299999999998
Grape 0.6075 0.42286425 0.03187499999999999 0.04083399999999996
Grape 0.618984375 0.6186979166666666 0.04437499999999994 0.12416700000000007
Grape 0.7741796875 0.5057288333333333 0.03875000000000006 0.12083400000000004
Grape 0.861953125 0.6633850833333333 0.09812500000000002 0.315834
