Grape 0.0107421875 0.6869270833333334 0.023125 0.16083299999999992
Grape 0.048828125 0.8665104166666667 0.099375 0.26416700000000004
Grape 0.09765625 0.4455211666666667 0.19625 0.19333299999999998
Grape 0.09828125 0.9406246666666668 0.16562500000000002 0.11583399999999999
Grape 0.28203125 0.7263024166666666 0.41562499999999997 0.545
Grape 0.3869921875 0.4409375 0.14687500000000003 0.1733330000000001
Grape 0.4378125 0.9834899166666666 0.14125000000000004 0.0300000000000001
Grape 0.6783984375000001 0.5884371666666667 0.435625 0.505834
Grape 0.503203125 0.8547920000000001 0.06687500000000002 0.15666599999999983
Grape 0.76078125 0.8028125 0.47687500000000005 0.391667
