Grape 0.0528125 0.5418000588235294 0.078125 0.185499
Grape 0.16703125 0.8886228823529412 0.071875 0.130885
Grape 0.20375 0.6532933529411765 0.031875000000000014 0.062145999999999986
Grape 0.2342578125 0.9172948823529411 0.04249999999999998 0.08098000000000007
Grape 0.24109375 0.5874955294117647 0.02437499999999998 0.06873899999999994
Grape 0.3111328125 0.787277411764706 0.073125 0.14877599999999985
Grape 0.403828125 0.696003294117647 0.06812499999999999 0.12806099999999992
Grape 0.408828125 0.43183229411764706 0.03687499999999999 0.079096
Grape 0.4146875 0.04852941176470588 0.048750000000000016 0.09887
Grape 0.4227734375 0.21183123529411765 0.06124999999999997 0.14406799999999995
Grape 0.44640625 0.35438694117647057 0.03999999999999998 0.06591300000000004
Grape 0.4673828125 0.7139687647058823 0.04124999999999995 0.06026399999999997
Grape 0.4979296875 0.025 0.03874999999999995 0.051789
Grape 0.5108984375000001 0.472363 0.060624999999999984 0.15066000000000002
Grape 0.5275390625 0.21054070588235294 0.080625 0.12523500000000004
Grape 0.5554296875 0.462853 0.03749999999999998 0.05273099999999999
Grape 0.6036328125 0.5059124705882353 0.04249999999999998 0.13371
Grape 0.7170703125 0.2914230588235294 0.11937500000000001 0.28531100000000004
Grape 0.6871875 0.5787775882352941 0.04875000000000007 0.103578
Grape 0.7296484375 0.5952618823529412 0.030000000000000027 0.08003699999999993
Grape 0.876328125 0.3638552352941177 0.03562500000000002 0.09133799999999999
Grape 0.937109375 0.4472246470588235 0.10624999999999996 0.18926600000000002
Grape 0.968125 0.060294117647058824 0.0625 0.121469
