Grape 0.23375 0.2265131824817518 0.06437499999999996 0.09803899999999999
Grape 0.239609375 0.5859831532846715 0.075625 0.25863700000000006
Grape 0.3430078125 0.4080896569343066 0.10375000000000001 0.189543
Grape 0.39375 0.374439299270073 0.1875 0.2549019999999999
Grape 0.328203125 0.29995741605839416 0.005624999999999991 0.013071999999999993
Grape 0.33140625 0.27287941605839416 0.009374999999999967 0.013071999999999993
Grape 0.393359375 0.5494054525547445 0.04375000000000001 0.11111099999999995
Grape 0.43015625 0.3359052189781022 0.10249999999999998 0.197012
Grape 0.5239453125 0.49471756934306566 0.1825 0.26984100000000005
Grape 0.462734375 0.5439368248175183 0.044375 0.16433200000000003
Grape 0.626796875 0.790434824817518 0.08999999999999997 0.16620000000000004
Grape 0.65796875 0.42213201459854016 0.05500000000000005 0.120448
Grape 0.7774609375 0.5342143722627737 0.01375000000000004 0.05322100000000002
Grape 0.8351171875 0.37047491240875907 0.021874999999999978 0.08216600000000006
Grape 0.9027734375 0.3859917883211678 0.02937499999999993 0.064426
Grape 0.9284375 0.40576951824817525 0.04874999999999996 0.05228799999999997
Grape 0.9187890625 0.534384102189781 0.018124999999999947 0.04015000000000007
Grape 0.9862890625 0.4140548102189781 0.01937499999999992 0.04575200000000002
