Grape 0.2158984375 0.602083 0.15624999999999997 0.1875
Grape 0.25953125 0.4218232499999999 0.19625000000000004 0.19666599999999998
Grape 0.3212890625 0.6552086666666667 0.11312499999999998 0.1775
Grape 0.344140625 0.29020866666666667 0.11375000000000002 0.17916599999999996
Grape 0.3969921875 0.6128645833333334 0.17812500000000003 0.20666700000000002
Grape 0.390546875 0.455833 0.09125 0.12749999999999995
Grape 0.4227734375 0.38062466666666667 0.15499999999999997 0.24083400000000002
Grape 0.5278125 0.44135416666666666 0.10999999999999999 0.19416699999999998
Grape 0.5900390625 0.6065104166666666 0.14312499999999995 0.13833300000000012
Grape 0.634921875 0.74015625 0.15250000000000008 0.19666700000000015
Grape 0.628046875 0.4634375 0.12124999999999997 0.17250000000000001
Grape 0.6765234375 0.6803642499999999 0.09187500000000004 0.16499999999999995
