Grape 0.236484375 0.7039681537335285 0.07562500000000003 0.11913700000000015
Grape 0.29597656250000004 0.7432980556368961 0.09624999999999997 0.13789899999999994
Grape 0.351953125 0.7237824114202049 0.06687500000000002 0.12570299999999998
Grape 0.51421875 0.4823526383601757 0.05624999999999997 0.10600299999999996
Grape 0.5301171874999999 0.6237491844802343 0.085625 0.14165099999999992
Grape 0.5787109375 0.6571083133235726 0.07687500000000003 0.14446499999999993
Grape 0.6431640625 0.6253976691068814 0.08062499999999995 0.13039399999999998
Grape 0.6391015625 0.5356652210834554 0.06562499999999993 0.07504699999999996
Grape 0.6945703125 0.3653373748169839 0.08875 0.19043100000000002
Grape 0.784296875 0.3954965710102489 0.09062499999999996 0.15103100000000005
Grape 0.7753515625 0.04538799414348463 0.06624999999999992 0.091932
Grape 0.7902734375 0.33795673645680824 0.09312500000000001 0.08630399999999998
Grape 0.853515625 0.1376627672035139 0.11499999999999999 0.10975600000000002
Grape 0.8678125 0.06881405563689605 0.11062499999999997 0.137899
