Grape 0.026041666666666668 0.5356640625 0.052222 0.11312500000000003
Grape 0.03930544444444444 0.6921484375 0.078889 0.12312500000000004
Grape 0.08847266666666667 0.6260546875 0.14888800000000002 0.13124999999999998
Grape 0.15291644444444444 0.861953125 0.20333400000000001 0.06687500000000002
Grape 0.1877078888888889 0.7522265625 0.248889 0.15875000000000006
Grape 0.2540282222222222 0.613203125 0.257777 0.16062500000000002
Grape 0.2585418888888889 0.836328125 0.12222199999999998 0.06812499999999999
Grape 0.3876386666666667 0.8796484375 0.27333399999999997 0.06125000000000003
Grape 0.4120134444444445 0.7895703125 0.297778 0.15187499999999998
Grape 0.4397224444444444 0.6574609375 0.26666599999999996 0.14
Grape 0.4909718888888889 0.5691015625 0.215556 0.06625000000000003
Grape 0.6398606666666667 0.8300390625 0.2733339999999999 0.14374999999999993
Grape 0.688403 0.66125 0.284444 0.18937499999999996
Grape 0.791042111111111 0.8253125 0.19444400000000003 0.14187499999999997
