Grape 0.1562890625 0.3799996666666667 0.206875 0.33416700000000005
Grape 0.2914453125 0.4980725833333333 0.05812499999999998 0.050000000000000044
Grape 0.404375 0.7704690833333334 0.18875000000000003 0.37916599999999995
Grape 0.55375 0.3266145833333333 0.0625 0.145833
Grape 0.5571484375 0.15895866666666666 0.06062500000000004 0.11500000000000003
Grape 0.6617578125 0.088333 0.16749999999999998 0.1275
Grape 0.62671875 0.8115628333333333 0.08750000000000002 0.12166599999999998
Grape 0.5987890625 0.24421875 0.018125000000000058 0.024166999999999977
Grape 0.6718359375 0.16874966666666666 0.014374999999999916 0.020834000000000002
Grape 0.7284375 0.1899475833333333 0.016875000000000084 0.018334000000000034
Grape 0.790390625 0.6559895833333332 0.05249999999999999 0.11333300000000006
