Grape 0.1028125 0.61375 0.20375 0.18833299999999994
Grape 0.1991796875 0.41020866666666667 0.13125 0.178333
Grape 0.2045703125 0.78567675 0.05750000000000002 0.05666699999999988
Grape 0.2198046875 0.8588024166666667 0.03749999999999998 0.046666000000000096
Grape 0.25980468749999996 0.8364065833333334 0.037500000000000006 0.04999999999999997
Grape 0.5090625 0.4190621666666667 0.51625 0.661667
Grape 0.300234375 0.8549479166666666 0.04375000000000001 0.0600000000000002
Grape 0.696171875 0.4833854166666667 0.09125000000000005 0.10833299999999994
Grape 0.8117578125 0.9846878333333332 0.04125000000000001 0.02666600000000008
Grape 0.9311328125 0.4856253333333333 0.135 0.2000000000000001
Grape 0.9040625 0.9452600833333333 0.016249999999999987 0.034999999999999996
Grape 0.9328515625 0.9388541666666667 0.03500000000000003 0.06833299999999998
Grape 0.9778515625 0.96619825 0.03499999999999992 0.04166600000000006
