Grape 0.06734375000000001 0.220625 0.0875 0.15833300000000003
Grape 0.161875 0.2305208333333333 0.095625 0.15166700000000002
Grape 0.33921875 0.6544791666666666 0.11874999999999997 0.350833
Grape 0.35953125 0.34421875 0.07124999999999998 0.14916699999999997
Grape 0.4531640625 0.41088575 0.11249999999999999 0.15000000000000005
Grape 0.6006640624999999 0.7307291666666668 0.39375 0.536667
Grape 0.5031640625 0.19265591666666668 0.01937500000000003 0.02916699999999998
Grape 0.5130859375 0.16885383333333334 0.014375000000000027 0.027500000000000007
Grape 0.511953125 0.20078158333333332 0.0050000000000000044 0.02083299999999999
Grape 0.5186328125 0.1478125 0.010624999999999996 0.015832999999999986
Grape 0.7646484375 0.5014065833333333 0.468125 0.9266660000000001
