Grape 0.121015625 0.45523215373352854 0.082222 0.118333
Grape 0.1658639375 0.5856368960468521 0.07777799999999999 0.11166699999999996
Grape 0.2744830625 0.6835651537335286 0.08111199999999999 0.118333
Grape 0.3734075625 0.7519451844802343 0.09666599999999997 0.143333
Grape 0.373810875 0.2177546691068814 0.09000000000000002 0.12999999999999998
Grape 0.377109375 0.11993622108345534 0.07444399999999995 0.075
Grape 0.41963575 0.640636896046852 0.08666600000000002 0.11333300000000004
Grape 0.4394313125 0.16896989604685214 0.05666700000000002 0.111667
Grape 0.4858639375 0.7087680248901903 0.07777800000000001 0.11666600000000002
Grape 0.552057625 0.6748734421669107 0.05111100000000002 0.14666600000000005
Grape 0.6860065 0.3590922401171303 0.204445 0.28
