Grape 0.044921875 0.5297740497803807 0.090625 0.22889299999999996
Grape 0.05078125 0.3087979209370425 0.101875 0.22701699999999997
Grape 0.100234375 0.10395314787701318 0.16875 0.209193
Grape 0.0823046875 0.3037651478770132 0.10125 0.20919399999999996
Grape 0.112578125 0.5295465344070278 0.09875 0.21669800000000006
Grape 0.1626953125 0.2845481171303075 0.12062500000000001 0.18480299999999997
Grape 0.2236328125 0.4552973382137628 0.16625 0.2579739999999999
Grape 0.201953125 0.2117707672035139 0.09875 0.10975700000000001
Grape 0.228203125 0.04538799414348463 0.130625 0.091932
Grape 0.2915234375 0.2771833133235725 0.12312500000000001 0.14446499999999998
Grape 0.31859375 0.1321393074670571 0.14999999999999997 0.236398
Grape 0.365078125 0.6388724421669106 0.12937500000000002 0.14915599999999996
Grape 0.39125 0.5543925651537336 0.156875 0.24202599999999994
Grape 0.4615625 0.10248901903367497 0.14125 0.207317
Grape 0.48046875 0.7070106691068814 0.08750000000000002 0.1303939999999999
Grape 0.5397265625000001 0.23503069399707172 0.15999999999999998 0.24577899999999997
Grape 0.5727734375 0.4502645651537336 0.15500000000000003 0.24108899999999997
Grape 0.61796875 0.84934621522694 0.14875000000000005 0.16510300000000003
Grape 0.628125 0.7851443440702781 0.125625 0.16697900000000004
Grape 0.653359375 0.6719070190336749 0.13687500000000008 0.20544100000000004
Grape 0.6550390625 0.45326292093704246 0.11250000000000004 0.22701699999999997
Grape 0.75140625 0.6175421786237189 0.13312499999999994 0.2326460000000001
