Pomegranate 371.2 407.184426 423.68 438.555486
Pomegranate 387.84 368.13027 419.2 394.379718
Pomegranate 428.8 74.906796 671.36 303.467376
Pomegranate 437.76 519.863958 476.16 573.642918
Pomegranate 447.36 612.056364 482.56 676.0792260000001
Pomegranate 465.28 362.368626 522.88 395.659782
Pomegranate 466.56 496.81602599999997 496.64 533.308698
Pomegranate 515.2 183.10474799999997 834.56 459.042612
Pomegranate 535.04 532.028634 570.24 564.679758
Pomegranate 553.6 499.376832 590.08 535.869504
Pomegranate 570.24 446.87793600000003 709.76 508.339992
Pomegranate 574.08 569.80137 604.8 597.33156
Pomegranate 582.4 523.065474 607.36 558.2774039999999
Pomegranate 590.08 504.498444 609.92 525.62628
Pomegranate 759.04 459.682644 805.12 500.65689599999996
Pomegranate 806.4 478.248996 843.52 504.498444
Pomegranate 965.12 664.55526 990.08 677.359968
Pomegranate 982.4 639.586554 1021.44 677.359968
