Pomegranate 131.136 395.947008 185.09300000000002 431.444992
Pomegranate 206.266 480.596992 252.027 515.412992
Pomegranate 249.978 290.816 293.69 324.267008
Pomegranate 273.2 725.675008 318.278 751.616
Pomegranate 302.569 706.56 348.33 741.376
Pomegranate 304.618 128.340992 351.745 168.619008
Pomegranate 322.376 177.492992 364.03900000000004 210.260992
Pomegranate 357.209 392.532992 395.457 432.811008
Pomegranate 367.454 373.419008 409.8 397.995008
Pomegranate 413.215 638.292992 508.152 701.099008
Pomegranate 415.264 359.764992 458.97600000000006 401.408
Pomegranate 418.679 322.900992 458.97600000000006 357.716992
Pomegranate 424.826 468.992 461.02500000000003 514.731008
Pomegranate 425.509 734.548992 462.391 778.24
Pomegranate 472.63599999999997 367.956992 520.446 395.947008
Pomegranate 476.051 273.748992 534.106 305.152
Pomegranate 484.92999999999995 751.616 516.348 778.24
Pomegranate 484.92999999999995 448.512 536.155 484.011008
Pomegranate 506.103 222.548992 542.985 252.587008
Pomegranate 509.518 177.492992 545.034 203.435008
Pomegranate 548.4490000000001 392.532992 576.452 436.224
Pomegranate 560.7429999999999 364.544 593.527 401.408
Pomegranate 565.524 593.92 595.576 620.544
Pomegranate 574.403 422.571008 613.3340000000001 453.972992
Pomegranate 577.818 615.083008 613.3340000000001 664.235008
Pomegranate 588.746 802.816 621.53 827.392
Pomegranate 613.3340000000001 415.744 642.703 445.099008
Pomegranate 618.115 529.067008 648.1669999999999 564.564992
Pomegranate 635.873 553.643008 665.925 585.728
Pomegranate 644.752 350.891008 682.317 397.995008
Pomegranate 669.34 550.228992 682.317 602.795008
