Pomegranate 15.436515 722.117632 151.796505 880.777216
Pomegranate 102.054945 71.182336 223.834635 171.524096
Pomegranate 197.24904 168.093696 331.035615 318.17728
Pomegranate 209.255925 686.954496 322.459155 850.760704
Pomegranate 234.12590999999998 344.763392 342.184695 446.820352
Pomegranate 324.174765 181.815296 402.21673499999997 298.451968
Pomegranate 394.49808 311.31648 599.465775 492.274688
Pomegranate 398.78631 572.033024 481.11651 650.934272
Pomegranate 452.81530499999997 595.18976 614.903085 744.415232
Pomegranate 470.825235 735.839232 562.5889050000001 854.191104
Pomegranate 594.3205350000001 580.610048 756.40752 722.117632
Pomegranate 617.4757050000001 501.7088 716.100225 582.325248
Pomegranate 752.977095 458.827776 794.142195 566.887424
