Pomegranate 189.599744 449.6 261.600256 514.4
Pomegranate 476.8 88.0 531.2 147.20000000000002
Pomegranate 572.000256 514.4 624.799744 577.6
Pomegranate 588.000256 449.6 652.8 510.4
Pomegranate 703.200256 168.0 771.2 240.79999999999998
Pomegranate 707.999744 578.4000000000001 776.800256 639.2
Pomegranate 780.8 516.8 837.600256 594.4
Pomegranate 780.8 135.2 856.800256 222.39999999999998
Pomegranate 801.599488 533.6 876.8 589.6
Pomegranate 833.599488 289.6 903.199744 363.2
Pomegranate 837.600256 160.0 898.400256 230.39999999999998
Pomegranate 868.799488 565.6 912.799744 638.4000000000001
Pomegranate 887.199744 551.1999999999999 957.599744 614.4
