Pomegranate 0.0 560.64 33.281832 601.6
Pomegranate 28.161393 555.52 65.284065 605.44
Pomegranate 28.161393 552.96 69.124224 597.76
Pomegranate 97.285617 382.72 145.928766 427.52
Pomegranate 101.12577599999999 386.56 144.64848600000002 435.2
Pomegranate 157.449243 190.72 202.25155199999998 250.88
Pomegranate 203.531832 565.76 240.653823 602.88
Pomegranate 203.531832 533.76 252.174981 567.04
Pomegranate 204.812112 565.76 238.093944 600.32
Pomegranate 204.812112 538.88 252.174981 561.92
Pomegranate 226.573467 271.36 288.016692 311.04
Pomegranate 229.133346 268.8 293.13713099999995 309.76
Pomegranate 243.214383 570.88 271.37577600000003 614.4
Pomegranate 244.49466299999997 564.48 282.896934 601.6
Pomegranate 282.896934 337.92 350.740878 377.6
Pomegranate 285.456813 334.08 350.740878 378.88
Pomegranate 363.541635 239.36 418.58482200000003 293.12
Pomegranate 364.821234 238.08 417.304542 295.68
Pomegranate 387.862869 615.68 449.306094 660.48
Pomegranate 392.983308 615.68 440.346177 663.04
Pomegranate 491.548524 576.0 551.7121500000001 611.84
Pomegranate 494.109084 569.6 554.27271 611.84
Pomegranate 512.03028 262.4 560.6727480000001 302.08
