Pomegranate 158.72 141.573924 403.84 337.599864
Pomegranate 561.28 319.022253 601.6 344.005596
Pomegranate 575.36 294.038361 599.04 315.17870400000004
Pomegranate 608.64 77.51331 776.32 249.83672399999998
Pomegranate 615.04 404.22266099999996 636.16 436.252968
Pomegranate 616.32 465.08040900000003 641.28 506.719863
Pomegranate 633.6 381.16081799999995 652.8 409.98825899999997
Pomegranate 648.96 361.30239 686.08 387.567099
Pomegranate 666.88 160.792218 895.36 353.614743
Pomegranate 677.76 353.614743 819.84 432.40941899999996
Pomegranate 704.0 434.972151 737.28 461.23686
Pomegranate 839.04 357.458841 872.32 392.692014
Pomegranate 874.88 368.98948800000005 896.0 396.535563
