Pomegranate 11.199488 374.4 68.800512 401.600512
Pomegranate 11.199488 905.6 211.2 1019.200512
Pomegranate 12.8 185.6 51.2 235.199488
Pomegranate 57.6 720.0 155.199488 798.400512
Pomegranate 68.800512 363.200512 135.999488 406.4
Pomegranate 96.0 228.800512 145.600512 272.0
Pomegranate 105.6 628.799488 299.200512 740.799488
Pomegranate 124.8 280.000512 169.6 329.6
Pomegranate 163.2 371.2 563.2 566.4
Pomegranate 228.800512 86.4 417.600512 193.600512
Pomegranate 262.4 729.6 339.2 836.799488
Pomegranate 273.600512 985.6 347.200512 1022.400512
Pomegranate 366.399488 705.599488 521.6 888.000512
Pomegranate 433.600512 68.800512 494.399488 118.4
Pomegranate 449.600512 667.200512 508.8 729.6
Pomegranate 473.6 700.8 540.8 775.999488
Pomegranate 487.999488 598.4 568.000512 692.799488
Pomegranate 560.0 603.200512 644.799488 689.599488
Pomegranate 587.200512 521.6 672.0 596.799488
Pomegranate 592.0 787.2 638.400512 864.0
Pomegranate 638.400512 236.8 696.000512 284.8
Pomegranate 673.599488 30.399488 745.6 103.999488
Pomegranate 731.200512 142.399488 801.599488 203.199488
Pomegranate 788.799488 697.6 864.0 761.6
Pomegranate 792.000512 126.400512 864.0 176.0
Pomegranate 819.2 199.999488 876.8 257.600512
Pomegranate 864.0 809.6 929.599488 856.000512
Pomegranate 880.0 227.2 953.6 280.000512
Pomegranate 915.2 888.000512 977.599488 934.4
Pomegranate 931.2 169.6 980.799488 230.4
Pomegranate 934.4 728.000512 1003.200512 811.200512
Pomegranate 937.6 593.599488 1003.200512 678.4
