Pomegranate 78.999552 383.00006399999995 184.999936 478.00012799999996
Pomegranate 85.999616 289.999872 206.999552 403.00032
Pomegranate 104.999936 111.99974399999999 211.999744 229.99987199999998
Pomegranate 110.999552 580.99968 216.000512 680.000256
Pomegranate 325.000192 69.000192 419.999744 168.999936
Pomegranate 371.00032 575.000064 465.999872 664.99968
Pomegranate 385.999872 393.000192 483.999744 478.00012799999996
Pomegranate 508.99968 46.000128 624.0 147.999744
Pomegranate 531.999744 212.000256 606.999552 295.00032
Pomegranate 549.999616 450.00038399999994 647.000064 575.000064
Pomegranate 600.000512 356.00025600000004 689.000448 446.999808
