Pomegranate 123.56346599999999 485.76 154.934526 524.16
Pomegranate 135.728142 585.6 169.019976 631.04
Pomegranate 142.770528 643.2 177.983136 684.8
Pomegranate 161.97759 469.76 199.110294 496.0
Pomegranate 174.141588 494.08 207.433422 517.12
Pomegranate 177.983136 139.52 514.102314 342.4
Pomegranate 190.147134 641.28 352.76475600000003 774.4
Pomegranate 200.39103599999999 835.2 233.68287 874.24
Pomegranate 206.15268 620.16 242.64603 650.24
Pomegranate 212.55503399999998 817.92 252.88925400000002 856.32
Pomegranate 232.402128 782.72 268.89547799999997 830.08
Pomegranate 317.552148 756.48 440.47625999999997 835.2
Pomegranate 363.64869000000004 629.12 517.303152 755.2
Pomegranate 382.855752 462.72 414.226812 497.92
Pomegranate 398.22126599999996 441.6 424.470036 462.72
Pomegranate 421.269198 448.64 508.339992 643.2
Pomegranate 436.63471200000004 849.28 478.88970600000005 882.56
Pomegranate 442.396356 769.28 487.852866 812.8
Pomegranate 531.387924 576.64 560.83821 611.84
Pomegranate 540.351084 636.16 574.92366 683.52
Pomegranate 545.473374 541.44 596.050818 567.68
Pomegranate 562.7589839999999 808.96 655.5921 879.36
Pomegranate 574.92366 732.16 610.136268 767.36
Pomegranate 574.92366 707.84 612.056364 730.24
Pomegranate 594.130044 688.64 631.263426 723.84
Pomegranate 605.013978 769.28 646.62894 802.56
Pomegranate 632.544168 665.6 660.713712 711.04
Pomegranate 645.348198 480.64 677.359968 501.12
Pomegranate 646.62894 503.04 677.359968 533.12
