Pomegranate 20.50326 638.08 619.584678 928.0
Pomegranate 46.772819999999996 94.08 378.03011399999997 424.32
Pomegranate 262.698696 891.52 323.56760399999996 965.12
Pomegranate 349.197066 652.16 627.9136920000001 933.76
Pomegranate 363.93402599999996 389.12 395.32978800000006 422.4
Pomegranate 370.98206999999996 357.76 409.425876 389.12
Pomegranate 383.155542 55.04 766.951956 398.08
Pomegranate 435.69543600000003 375.68 486.95358600000003 415.36
Pomegranate 472.857498 400.0 500.408802 433.28
Pomegranate 516.427506 545.28 584.98533 629.12
Pomegranate 542.697066 513.92 630.47718 574.72
Pomegranate 547.822494 567.68 628.554564 646.4
Pomegranate 661.872168 725.12 735.556194 791.68
Pomegranate 689.423472 158.72 764.389242 277.76
Pomegranate 691.346088 305.28 728.50815 340.48
Pomegranate 733.634352 716.8 773.3591279999999 788.48
