Pomegranate 61.44 126.12495 497.92 563.399694
Pomegranate 64.0 130.60653 496.64 564.679758
Pomegranate 430.08 475.68819 540.16 587.087658
Pomegranate 496.64 475.68819 545.28 529.46715
Pomegranate 502.4 73.626054 909.44 532.668666
Pomegranate 581.12 498.09608999999995 616.32 550.594986
Pomegranate 582.4 503.21838 618.88 550.594986
Pomegranate 613.76 546.113406 662.4 578.124498
Pomegranate 620.16 540.991794 671.36 579.40524
Pomegranate 919.68 405.90368400000006 957.44 455.84109600000005
Pomegranate 920.96 214.475808 978.56 283.620282
Pomegranate 923.52 400.78207199999997 962.56 453.28029
Pomegranate 928.64 211.915002 973.44 269.53551
Pomegranate 935.04 250.96915800000002 998.4 309.86973
Pomegranate 941.44 248.40767400000001 995.2 307.308924
