Pomegranate 0.0 94.08 76.24465599999999 333.44
Pomegranate 7.688530999999999 56.96 256.285505 177.92
Pomegranate 51.897755 90.24 286.398975 398.08
Pomegranate 262.05139099999997 506.88 501.67852600000003 705.92
Pomegranate 324.84163 187.52 591.378282 432.64
Pomegranate 387.631186 886.4 442.09224 928.64
Pomegranate 442.09224 889.6 486.301464 949.12
Pomegranate 452.984041 814.72 501.67852600000003 867.2
Pomegranate 463.235188 753.28 501.67852600000003 795.52
Pomegranate 501.67852600000003 855.04 559.342167 907.52
Pomegranate 527.9473889999999 743.04 568.312689 795.52
Pomegranate 552.2942899999999 867.2 603.5513910000001 910.72
Pomegranate 587.533675 602.88 624.054368 655.36
Pomegranate 589.455637 718.72 631.102245 764.16
Pomegranate 608.677306 924.8 661.215715 970.24
