Pomegranate 111.920128 611.929088 192.590848 670.06976
Pomegranate 141.717504 561.055744 181.689344 599.574528
Pomegranate 201.311232 111.920128 566.142976 466.577408
Pomegranate 220.207104 796.525568 269.626368 866.29376
Pomegranate 222.3872 936.788992 281.981952 1023.27296
Pomegranate 253.637632 754.373632 300.8768 811.787264
Pomegranate 257.271808 557.422592 316.865536 598.120448
Pomegranate 295.789568 710.0416 352.477184 760.91392
Pomegranate 342.30272 281.981952 819.781632 701.320192
Pomegranate 350.297088 675.156992 574.864384 859.026432
Pomegranate 422.245376 869.927936 471.66464 912.079872
Pomegranate 699.866112 701.320192 771.815424 763.094016
Pomegranate 778.356736 729.663488 824.141824 773.26848
