Pomegranate 110.07402499999999 844.16 138.232875 870.4
Pomegranate 139.51317500000002 110.72 414.698625 391.04
Pomegranate 173.43105 760.32 193.90965 786.56
Pomegranate 248.3069 783.36 271.3461 800.64
Pomegranate 318.70324999999997 855.04 351.3416 876.16
Pomegranate 327.022875 744.96 357.1014 767.36
Pomegranate 360.301375 606.72 629.7278 730.88
Pomegranate 407.65930000000003 863.36 444.137 881.28
Pomegranate 433.89770000000004 858.24 463.336075 882.56
Pomegranate 453.096775 933.76 477.4155 958.08
Pomegranate 453.096775 823.68 486.37527500000004 842.88
Pomegranate 455.01645 839.04 481.25485000000003 855.04
Pomegranate 463.336075 886.4 486.37527500000004 910.72
Pomegranate 542.05205 837.12 565.0904750000001 863.36
