Pomegranate 0.0 0.0 255.316992 270.468
Pomegranate 336.555008 4.098 479.232 215.145
Pomegranate 409.6 146.845 442.368 186.459
Pomegranate 452.608 31.418 486.740992 67.617
Pomegranate 522.24 344.232 563.2 382.48
Pomegranate 563.2 467.855 578.900992 488.34499999999997
Pomegranate 623.275008 297.788 660.139008 329.889
Pomegranate 669.696 430.973 709.291008 469.22100000000006
Pomegranate 684.032 466.48900000000003 727.723008 502.005
Pomegranate 703.828992 496.541 733.867008 514.982
Pomegranate 783.700992 387.26099999999997 817.835008 435.071
Pomegranate 799.403008 424.143 833.536 461.02500000000003
Pomegranate 808.96 493.80899999999997 833.536 514.982
Pomegranate 820.564992 471.27 864.256 500.639
