Lemon 0.072265625 0.9710416666666667 0.145 0.053333
Lemon 0.0259375 0.6684375 0.048749999999999995 0.04833299999999996
Lemon 0.11671875000000001 0.13807325 0.14875 0.135
Lemon 0.1431640625 0.9508850833333332 0.05000000000000002 0.0666670000000001
Lemon 0.16265625 0.4783336666666667 0.07125000000000001 0.08499999999999996
Lemon 0.18796875 0.8328649166666667 0.08750000000000002 0.12333299999999998
Lemon 0.25289062500000004 0.5413538333333334 0.05124999999999999 0.028333999999999932
Lemon 0.2503515625 0.49697883333333337 0.03375 0.05833399999999996
Lemon 0.543515625 0.6590628333333334 0.39625000000000005 0.496666
Lemon 0.6346875000000001 0.4067705 0.29875 0.29833400000000004
Lemon 0.5371484375 0.078125 0.09249999999999997 0.158333
Lemon 0.619296875 0.9309378333333332 0.12250000000000005 0.09000000000000001
