Lemon 0.021249999999999998 0.5223015 0.033125 0.06606700000000006
Lemon 0.019414062500000002 0.44085450000000004 0.018125000000000002 0.04704699999999997
Lemon 0.06859375000000001 0.813251 0.05625 0.12712700000000013
Lemon 0.1151953125 0.5712045 0.056874999999999995 0.111111
Lemon 0.1676171875 0.6483549999999999 0.05375000000000002 0.09009
Lemon 0.214921875 0.6661775000000001 0.05937499999999998 0.105105
Lemon 0.3155078125 0.08061650000000001 0.04250000000000004 0.054054000000000005
Lemon 0.341171875 0.184134 0.05874999999999997 0.10310300000000001
Lemon 0.3901171875 0.7870545 0.053749999999999964 0.09309300000000001
Lemon 0.4011328125 0.829927 0.04125000000000001 0.05905900000000006
Lemon 0.427890625 0.763226 0.05124999999999996 0.07607600000000003
Lemon 0.4735546875 0.768597 0.03749999999999998 0.09609600000000018
Lemon 0.6305078125 0.400741 0.04249999999999998 0.07006999999999994
Lemon 0.6523828125 0.545521 0.04125000000000001 0.053052999999999975
Lemon 0.6598046875 0.27112400000000003 0.038124999999999964 0.045045
Lemon 0.706171875 0.7212574999999999 0.05874999999999997 0.05505500000000012
Lemon 0.855078125 0.8825155 0.0675 0.11111099999999982
Lemon 0.8448828125 0.133718 0.041874999999999996 0.082082
Lemon 0.8913671875 0.0109375 0.023125000000000062 0.024024
