Lemon 0.2783203125 0.8605208333333333 0.5575 0.27666700000000005
Lemon 0.144453125 0.43968783333333333 0.28562499999999996 0.27749999999999997
Lemon 0.099375 0.7465625 0.1575 0.20499999999999993
Lemon 0.124453125 0.5500520833333333 0.161875 0.19166700000000003
Lemon 0.2403125 0.671458 0.141875 0.15833399999999997
Lemon 0.316015625 0.5239065833333334 0.14562500000000003 0.176666
Lemon 0.636953125 0.22515624999999997 0.72375 0.445833
Lemon 0.3575 0.7511458333333333 0.12687500000000002 0.18249999999999997
Lemon 0.4671875 0.62984375 0.14250000000000007 0.18083299999999994
Lemon 0.5428906250000001 0.4967705 0.11374999999999996 0.17333400000000002
Lemon 0.7742578125 0.7221354166666667 0.44875 0.5458329999999999
Lemon 0.7384375 0.4480725833333334 0.14125 0.17499999999999996
