Lemon 0.021484375 0.7485416666666667 0.044375 0.053333
Lemon 0.0234375 0.43010449999999995 0.046875 0.048333000000000036
Lemon 0.1519140625 0.9566666666666667 0.11249999999999999 0.08416700000000003
Lemon 0.1842578125 0.15010416666666668 0.104375 0.130833
Lemon 0.183125 0.39390658333333334 0.06437499999999999 0.05166599999999999
Lemon 0.2384375 0.5229163333333333 0.07999999999999999 0.10500000000000005
Lemon 0.2720703125 0.30749966666666667 0.05812500000000001 0.08583400000000004
Lemon 0.3506640625 0.48609341666666667 0.04999999999999999 0.07749999999999997
Lemon 0.374609375 0.15083333333333335 0.043749999999999956 0.04249999999999998
Lemon 0.6594921875 0.6304163333333334 0.30374999999999996 0.3549999999999999
Lemon 0.534765625 0.43348925 0.051875000000000004 0.07250000000000001
Lemon 0.6844140625 0.31244825000000004 0.26874999999999993 0.35333299999999995
