Pear 67.2 84.800512 270.399488 265.6
Pear 166.4 54.4 363.200512 240.0
Pear 180.800512 350.399488 414.399488 598.4
Pear 241.600512 24.000512 446.399488 78.400512
Pear 307.2 41.6 547.2 102.4
Pear 323.2 353.600512 510.399488 568.000512
Pear 334.399488 100.800512 579.2 145.600512
Pear 340.799488 715.200512 577.599488 1022.400512
Pear 380.8 123.199488 640.0 244.800512
Pear 417.600512 318.399488 574.400512 548.799488
Pear 512.0 590.400512 889.6 702.400512
Pear 534.4 284.8 711.999488 489.6
Pear 564.799488 692.799488 768.0 1022.400512
Pear 628.799488 267.200512 830.400512 475.200512
Pear 760.000512 704.0 955.200512 1022.400512
Pear 937.6 651.200512 1022.400512 987.200512
