Pear 24.005632 457.499904 138.034176 628.4997119999999
Pear 38.259712 98.25023999999999 150.03648 248.24985599999997
Pear 208.550912 456.0 315.076608 616.4997119999999
Pear 213.052416 101.999616 311.325696 248.24985599999997
Pear 359.337984 91.500288 457.611264 240.0
Pear 373.59104 411.750144 471.865344 604.4997119999999
Pear 504.123392 429.000192 606.147584 598.500096
Pear 518.376448 103.500288 609.148928 239.249664
Pear 639.905792 410.25023999999996 741.18144 586.500096
Pear 655.660032 77.999616 755.434496 236.24985599999997
Pear 786.192384 428.249856 876.214272 568.4997119999999
Pear 807.196672 77.999616 918.974464 228.750336
