Pear 204.8 53.138928 347.52 215.75654999999998
Pear 484.48 248.40767400000001 523.52 298.345764
Pear 503.04 264.41389799999996 559.36 300.90657
Pear 517.12 325.875276 574.72 365.569464
Pear 523.52 152.37372 608.0 215.75654999999998
Pear 545.92 204.872616 666.88 278.49867
Pear 548.48 300.90657 584.32 349.56391799999994
Pear 580.48 306.028182 631.68 358.52707799999996
Pear 581.76 118.44185399999999 628.48 204.872616
Pear 586.88 252.249222 622.08 302.187312
Pear 613.12 294.504216 653.44 339.320016
Pear 614.4 238.16445000000002 685.44 298.345764
Pear 624.64 123.56346599999999 703.36 220.878162
Pear 672.0 256.09077 709.12 299.625828
Pear 672.0 211.915002 719.36 272.096316
Pear 686.72 126.12495 741.76 201.031068
Pear 712.96 204.872616 795.52 300.90657
Pear 759.68 198.47026200000002 819.2 293.223474
Pear 872.96 319.472922 920.32 355.966272
Pear 892.8 281.059476 929.28 339.320016
Pear 924.16 284.901024 967.04 343.161564
Pear 942.08 282.340218 988.16 323.31447
