Pear 118.567936 430.933266 196.71552 541.3597980000001
Pear 185.936896 432.27979799999997 246.567936 541.3597980000001
Pear 327.410688 331.28020200000003 397.473792 437.666532
Pear 393.432064 344.746734 491.789312 447.09346800000003
Pear 416.336896 288.186936 537.6 405.34673399999997
Pear 567.241728 142.746936 650.778624 253.17346799999999
Pear 645.389312 149.480202 731.621376 253.17346799999999
Pear 703.326208 161.600202 777.432064 278.76
Pear 855.578624 144.093468 951.241728 277.413468
Pear 933.726208 115.813266 1022.652416 208.73306399999998
