Pear 172.8 64.071547 295.04 194.13592
Pear 174.08 61.508247999999995 297.6 195.417228
Pear 202.88 94.185017 339.84 201.824451
Pear 206.08 96.747633 338.56 199.261835
Pear 251.52 49.335139000000005 343.68 116.609956
Pear 254.08 49.335139000000005 350.08 109.562079
Pear 305.28 89.05910200000001 439.04 194.13592
Pear 311.04 89.05910200000001 443.52 183.244119
Pear 526.08 324.20097599999997 711.04 456.828648
Pear 528.64 319.715715 708.48 459.391264
Pear 582.4 95.46632500000001 700.16 214.63889700000001
