Pear 506.24 0.0 572.8 61.508247999999995
Pear 513.92 525.384773 602.88 682.359346
Pear 520.32 210.153636 596.48 374.17608600000005
Pear 542.72 0.0 652.8 131.346364
Pear 556.16 566.390044 662.4 682.359346
Pear 556.8 260.129429 661.12 436.966325
Pear 622.72 221.68677399999999 697.6 372.894778
Pear 629.12 520.258858 697.6 660.575061
Pear 631.68 0.0 689.92 72.400732
Pear 709.12 0.0 767.36 80.089263
Pear 716.16 499.115227 784.0 636.868814
Pear 723.84 228.734651 789.12 367.769546
Pear 736.64 0.0 828.8 132.627672
Pear 741.12 526.666081 835.2 682.359346
Pear 806.4 228.734651 869.76 361.362323
Pear 808.96 499.115227 865.28 611.880576
Pear 810.24 0.0 862.72 93.544363
Pear 872.32 0.0 932.48 96.10697900000001
Pear 873.6 470.283065 931.2 602.910737
Pear 881.28 213.998243 933.76 358.79902400000003
Pear 899.84 499.115227 976.0 638.150122
Pear 902.4 13.4551 971.52 151.208004
Pear 907.52 257.56681299999997 977.28 407.493509
Pear 941.44 0.0 999.04 101.23289399999999
Pear 951.04 471.565056 1003.52 581.767106
Pear 954.88 224.89004400000002 999.04 347.907223
