Pear 88.96 181.183974 157.44 284.901024
Pear 131.2 444.95784 243.84 573.642918
Pear 176.64 341.24079 266.24 473.76741599999997
Pear 246.4 207.433422 334.08 317.552148
Pear 337.28 158.776074 513.92 455.201064
Pear 640.0 516.66312 687.36 574.92366
Pear 662.4 381.57501 705.92 437.914776
Pear 675.2 243.926094 737.28 321.39369600000003
Pear 741.12 627.421878 777.6 663.9152280000001
Pear 755.2 515.382378 794.88 564.039726
Pear 766.08 413.58610200000004 809.6 468.645804
Pear 766.08 222.798936 840.96 311.150472
Pear 776.32 612.697074 797.44 645.348198
Pear 776.32 359.16711000000004 828.8 414.866844
Pear 809.6 511.54082999999997 849.92 552.51576
Pear 828.8 193.988682 889.6 261.212382
Pear 840.96 290.022636 892.16 371.331786
Pear 863.36 222.798936 927.36 305.38815
Pear 871.04 356.60630399999997 908.8 387.337332
Pear 1002.24 169.019976 1023.36 217.677324
