Pear 0.0 131.84025599999998 24.32 200.960256
Pear 0.0 131.84025599999998 25.6 200.960256
Pear 2.56 631.040256 44.8 668.16
Pear 5.12 628.479744 47.36 665.600256
Pear 8.96 536.319744 67.84 582.399744
Pear 8.96 247.040256 107.52 348.159744
Pear 11.52 608.000256 51.2 634.880256
Pear 12.8 610.5600000000001 56.32 632.319744
Pear 24.32 250.88025599999997 53.76 290.55974399999997
Pear 37.12 89.600256 93.44 133.119744
Pear 38.4 92.16 93.44 133.119744
Pear 44.8 407.04 116.48 473.60025599999994
Pear 49.92 247.040256 101.12 302.079744
Pear 49.92 401.91974400000004 121.6 474.879744
Pear 55.04 117.759744 184.32 239.36025600000002
Pear 57.6 119.03999999999999 181.76 241.92000000000002
Pear 60.16 302.079744 90.88 337.92
Pear 87.04 577.280256 125.44 623.360256
Pear 88.32 569.600256 126.72 622.08
Pear 107.52 686.079744 139.52 728.319744
Pear 111.36 689.919744 140.8 727.040256
Pear 126.72 524.7997439999999 188.16 588.800256
Pear 129.28 531.2002560000001 189.44 592.640256
Pear 186.88 520.959744 282.88 595.2
Pear 189.44 547.839744 238.08 595.2
Pear 199.68 326.4 271.36 405.75974400000007
Pear 202.24 328.959744 271.36 405.75974400000007
Pear 213.76 531.2002560000001 256.0 576.0
Pear 252.16 35.840256 300.8 93.440256
Pear 254.72 33.279744 300.8 92.16
Pear 261.12 330.24 316.16 389.120256
Pear 263.68 326.4 309.76 389.120256
Pear 268.8 403.20000000000005 313.6 454.400256
Pear 270.08 641.28 295.68 678.399744
Pear 270.08 410.88 313.6 453.12
Pear 271.36 638.7202560000001 296.96 684.800256
Pear 296.96 522.24 378.88 623.360256
Pear 309.76 121.599744 367.36 179.199744
Pear 311.04 405.75974400000007 353.28 465.920256
Pear 312.32 405.75974400000007 358.4 464.64
Pear 313.6 120.320256 366.08 174.08025600000002
Pear 331.52 624.639744 366.08 673.280256
Pear 334.08 618.24 368.64 673.280256
Pear 346.88 348.159744 413.44 408.320256
Pear 349.44 213.759744 451.84 286.719744
Pear 350.72 213.759744 458.24 289.280256
Pear 354.56 323.840256 413.44 407.04
Pear 377.6 285.44025600000003 463.36 364.79999999999995
Pear 378.88 289.280256 463.36 366.080256
Pear 396.8 524.7997439999999 485.12 631.040256
Pear 399.36 520.959744 485.12 628.479744
Pear 400.64 403.20000000000005 586.24 716.7997439999999
Pear 419.84 454.400256 503.04 532.479744
Pear 432.64 396.800256 492.8 454.400256
Pear 449.28 345.6 486.4 392.96025599999996
Pear 449.28 348.159744 486.4 389.120256
Pear 453.12 631.040256 529.92 720.639744
Pear 454.4 32.000256 485.12 57.599999999999994
Pear 456.96 629.76 528.64 723.2002560000001
Pear 458.24 24.320256 481.28 56.319744
Pear 469.76 495.36 546.56 591.36
Pear 491.52 67.839744 514.56 97.28025600000001
Pear 513.28 577.280256 584.96 647.679744
Pear 518.4 308.480256 600.32 381.44025600000003
Pear 519.68 647.679744 583.68 706.5600000000001
Pear 531.2 454.400256 618.24 552.96
Pear 535.04 451.839744 616.96 552.96
Pear 541.44 249.60000000000002 623.36 328.959744
Pear 546.56 249.60000000000002 624.64 322.56
Pear 568.32 417.27974399999994 643.84 488.96025599999996
Pear 569.6 407.04 654.08 488.96025599999996
Pear 609.28 259.839744 636.16 318.71999999999997
Pear 615.68 263.679744 638.72 312.320256
Pear 623.36 449.28 670.72 506.88
Pear 629.76 450.56025600000004 669.44 508.160256
Pear 646.4 526.08 686.08 587.52
Pear 648.96 526.08 684.8 588.800256
Pear 655.36 655.359744 692.48 701.439744
Pear 655.36 655.359744 696.32 704.000256
Pear 680.96 317.439744 720.64 350.720256
Pear 683.52 529.92 737.28 592.640256
Pear 683.52 533.76 737.28 595.2
Pear 695.04 656.64 721.92 696.320256
Pear 698.88 654.080256 720.64 695.04
Pear 724.48 113.919744 762.88 139.520256
Pear 725.76 471.03974400000004 751.36 497.91974400000004
Pear 725.76 474.879744 752.64 501.75974400000007
Pear 725.76 115.19999999999999 756.48 139.520256
Pear 727.04 720.639744 764.16 766.719744
Pear 729.6 198.399744 756.48 229.11974400000003
Pear 729.6 720.639744 764.16 766.719744
Pear 732.16 200.960256 753.92 222.71999999999997
Pear 741.12 432.63974399999995 769.28 464.64
Pear 743.68 431.36025600000005 774.4 464.64
Pear 748.8 702.72 774.4 729.5999999999999
Pear 751.36 696.320256 778.24 733.4399999999999
Pear 751.36 483.84000000000003 779.52 512.000256
Pear 751.36 669.440256 785.92 706.5600000000001
Pear 753.92 672.0 787.2 706.5600000000001
Pear 756.48 485.120256 780.8 518.4000000000001
Pear 760.32 99.84 794.88 130.56
Pear 760.32 98.559744 798.72 133.119744
Pear 760.32 400.640256 801.28 432.63974399999995
Pear 764.16 399.36 796.16 439.040256
Pear 771.84 495.36 802.56 524.7997439999999
Pear 774.4 492.800256 805.12 528.639744
Pear 776.96 693.7597440000001 811.52 738.560256
Pear 782.08 412.160256 814.08 453.12
Pear 783.36 696.320256 808.96 739.839744
Pear 788.48 412.160256 816.64 451.839744
Pear 798.72 499.20000000000005 830.72 537.5999999999999
Pear 798.72 506.88 837.12 538.880256
Pear 801.28 56.319744 838.4 85.760256
Pear 801.28 55.040256 840.96 81.920256
Pear 803.84 440.319744 842.24 471.03974400000004
Pear 805.12 442.88025600000003 839.68 473.60025599999994
Pear 808.96 140.799744 847.36 168.96
Pear 812.8 659.199744 849.92 701.439744
Pear 814.08 112.640256 843.52 143.360256
Pear 814.08 107.52000000000001 846.08 142.07999999999998
Pear 816.64 659.199744 852.48 704.000256
Pear 817.92 143.360256 846.08 166.400256
Pear 817.92 727.040256 846.08 764.16
Pear 819.2 725.76 847.36 766.719744
Pear 825.6 545.28 852.48 573.440256
Pear 825.6 546.560256 852.48 576.0
Pear 842.24 741.12 874.24 766.719744
Pear 842.24 451.839744 878.08 482.559744
Pear 842.24 707.840256 880.64 741.12
Pear 842.24 737.28 880.64 766.719744
Pear 846.08 710.4000000000001 880.64 743.679744
Pear 888.32 419.840256 922.88 450.56025600000004
Pear 890.88 416.00025600000004 920.32 451.839744
Pear 892.16 471.03974400000004 921.6 508.160256
Pear 896.0 473.60025599999994 917.76 514.5600000000001
Pear 908.8 698.88 1022.72 766.719744
Pear 908.8 702.72 1022.72 766.719744
