Pear 184.32 167.679744 253.44 241.92000000000002
Pear 229.12 376.32 321.28 509.43974399999996
Pear 295.68 21.759744 363.52 121.599744
Pear 355.84 312.320256 460.8 451.839744
Pear 439.04 63.99974400000001 544.0 199.68
Pear 512.0 372.48 586.24 451.839744
Pear 624.64 509.43974399999996 691.2 646.400256
Pear 640.0 450.56025600000004 715.52 595.2
Pear 680.96 294.399744 753.92 378.879744
Pear 705.28 215.04000000000002 783.36 295.68
Pear 719.36 0.0 829.44 52.479744000000004
Pear 748.8 285.44025600000003 829.44 377.600256
Pear 820.48 392.96025599999996 889.6 481.280256
Pear 825.6 294.399744 890.88 416.00025600000004
Pear 852.48 183.03974399999998 938.24 304.640256
Pear 862.72 394.23974400000003 934.4 505.599744
Pear 903.68 488.96025599999996 972.8 583.6800000000001
Pear 928.0 578.559744 1013.76 670.719744
