Pear 110.000128 444.0 163.00032 513.000192
Pear 113.000448 372.99993600000005 161.000448 439.00032
Pear 115.999744 522.0003839999999 168.999936 598.0001279999999
Pear 117.999616 601.9998720000001 167.000064 661.9998720000001
Pear 122.000384 256.99968 179.999744 324.0
Pear 126.000128 177.000192 179.00032 250.00012800000002
Pear 126.000128 100.99967999999998 179.999744 175.00032000000002
Pear 174.999552 373.999872 229.000192 439.00032
Pear 176.0 598.0001279999999 229.000192 668.000256
Pear 177.000448 447.99974399999996 232.999936 516.999936
Pear 179.999744 526.0001279999999 229.000192 590.999808
Pear 193.999872 172.99967999999998 250.000384 247.00032
Pear 197.999616 253.99987199999998 250.000384 324.0
Pear 199.000064 98.999808 250.000384 171.999744
Pear 234.000384 526.0001279999999 293.000192 594.0003839999999
Pear 238.999552 378.000384 289.000448 440.00025600000004
Pear 238.999552 447.99974399999996 293.000192 513.000192
Pear 243.00032 599.000064 293.000192 666.0003839999999
Pear 284.000256 244.99968 341.999616 324.0
Pear 284.000256 176.000256 344.000512 247.00032
Pear 291.00032 101.999616 346.999808 170.999808
Pear 298.999808 373.999872 355.00032 439.00032
Pear 302.999552 452.00025600000004 353.000448 513.000192
Pear 307.00032 528.999936 355.00032 590.999808
Pear 307.00032 602.999808 357.999616 660.999936
Pear 353.000448 170.999808 412.000256 249.00019199999997
Pear 357.999616 251.00006399999998 414.999552 324.0
Pear 362.999808 100.99967999999998 419.00032 168.0
Pear 510.000128 190.00012800000002 568.000512 253.99987199999998
Pear 510.000128 265.999872 570.999808 335.00006399999995
Pear 510.999552 128.000256 568.999936 180.0
Pear 522.000384 399.99974399999996 574.999552 485.99961600000006
Pear 524.99968 494.999808 572.99968 590.999808
Pear 593.999872 129.000192 648.999936 182.999808
Pear 595.00032 194.99980800000003 648.999936 255.999744
Pear 597.999616 269.999616 652.000256 332.00025600000004
Pear 600.000512 506.999808 652.99968 588.0
Pear 604.000256 399.99974399999996 650.000384 485.99961600000006
Pear 675.999744 272.00025600000004 734.000128 339.99974399999996
Pear 677.999616 120.0 727.000064 187.00032000000002
Pear 677.999616 399.99974399999996 730.000384 485.99961600000006
Pear 680.999936 192.0 730.999808 260.00025600000004
Pear 680.999936 509.99961600000006 734.000128 588.0
Pear 750.999552 505.99987200000004 805.999616 587.000064
Pear 755.00032 199.00032 808.999936 261.00019199999997
Pear 755.00032 399.99974399999996 812.000256 480.0
Pear 757.000192 129.000192 805.000192 190.00012800000002
Pear 757.000192 267.99974399999996 808.999936 338.99980800000003
