Pear 523.52 475.68819 544.64 513.4616040000001
Pear 548.48 503.21838 569.6 534.58944
Pear 556.8 457.12183799999997 576.0 485.93209199999995
Pear 572.16 538.43031 600.96 564.679758
Pear 573.44 493.61451000000005 613.12 532.028634
Pear 615.68 610.7763 672.0 674.799162
Pear 628.48 316.912116 718.08 434.71393800000004
Pear 639.36 460.963386 698.24 535.869504
Pear 686.72 590.929206 737.92 651.11052
Pear 694.4 421.90923 752.0 499.376832
Pear 735.36 550.594986 780.8 599.8923659999999
Pear 796.8 71.06524800000001 900.48 198.47026200000002
Pear 846.72 624.861072 903.04 677.359968
Pear 849.28 319.472922 914.56 400.78207199999997
Pear 969.6 432.153132 1023.36 558.2774039999999
Pear 994.56 228.56058000000002 1023.36 320.753664
