Pear 0.0 202.24 36.494544000000005 316.16
Pear 0.0 688.64 44.818232 744.96
Pear 0.0 704.64 49.940366 874.24
Pear 30.732803999999998 652.16 192.078263 882.56
Pear 106.28384 291.84 181.194389 351.36
Pear 130.613536 471.68 364.948964 697.6
Pear 172.870701 711.68 319.490245 824.96
Pear 223.45155400000002 627.2 461.62902299999996 1007.36
Pear 414.24884299999997 135.68 585.8394509999999 291.84
Pear 445.62213399999996 589.44 687.640763 942.72
Pear 580.717317 286.08 778.5582009999999 550.4
Pear 610.169147 533.12 667.7927139999999 608.0
Pear 678.677469 611.84 726.0567679999999 678.4
Pear 765.752866 351.36 836.1817679999999 478.72
