Peach 0.7762109375 0.698270055636896 0.10812499999999992 0.13789900000000002
Peach 0.0068359375 0.4106275461200586 0.015 0.036586000000000035
Peach 0.0078125 0.43700780380673504 0.01625 0.042213999999999974
Peach 0.0078125 0.2600074172767204 0.0175 0.03377199999999994
Peach 0.0087890625 0.3254199633967789 0.01875 0.06941800000000001
Peach 0.0126953125 0.13119180380673498 0.025625 0.042213999999999995
Peach 0.0625 0.20837876134699856 0.126875 0.20168899999999998
Peach 0.078125 0.5221999516837482 0.1575 0.25140699999999994
Peach 0.17867187499999998 0.5537262401171303 0.215625 0.2786120000000001
Peach 0.1769921875 0.33737873060029283 0.179375 0.17636
Peach 0.3128125 0.4021950497803806 0.20375 0.23076899999999997
Peach 0.36671875 0.604084626647145 0.21125 0.2870549999999999
Peach 0.40828125 0.26857417862371885 0.16562500000000002 0.232645
Peach 0.4912890625 0.38350314787701323 0.174375 0.20825499999999997
Peach 0.526875 0.6492268843338214 0.219375 0.294559
Peach 0.6573828125 0.30167885358711566 0.26 0.27110700000000004
Peach 0.6234765625 0.4474947247437775 0.19124999999999992 0.26923099999999994
Peach 0.71375 0.029282576866764276 0.188125 0.059099000000000006
Peach 0.7939453125 0.6014827071742312 0.3075 0.540337
Peach 0.92125 0.6662366456808199 0.15625 0.494371
