Peach 0.2816796875 0.8467190833333333 0.07 0.0674999999999999
Peach 0.329375 0.41276075000000007 0.06312500000000004 0.11749999999999994
Peach 0.3980859375 0.56276075 0.04625000000000001 0.11916599999999995
Peach 0.4216015625 0.35161458333333334 0.06624999999999998 0.14333300000000002
Peach 0.4634375 0.56401075 0.04812499999999997 0.055000000000000014
Peach 0.4896484375 0.5126041666666666 0.09187500000000004 0.13249999999999992
Peach 0.4896484375 0.8365100833333333 0.06062500000000004 0.09666700000000006
Peach 0.55140625 0.497917 0.040000000000000036 0.06333300000000001
Peach 0.5741015625 0.37338508333333337 0.03375000000000006 0.06666699999999996
Peach 0.5880859375 0.7433850833333334 0.0462499999999999 0.06750000000000005
Peach 0.66359375 0.320208 0.08687500000000004 0.09500000000000004
Peach 0.6602734375 0.44692741666666663 0.06187500000000001 0.07583300000000004
Peach 0.6769921875 0.6140625 0.05437499999999995 0.07916700000000006
Peach 0.7646875 0.5118232500000001 0.04875000000000007 0.07249999999999994
Peach 0.916171875 0.73432325 0.05937500000000007 0.07166600000000001
Peach 0.922890625 0.06151075 0.05125000000000002 0.05499999999999999
Peach 0.9259375 0.6480208333333334 0.016875000000000084 0.02749999999999993
