Peach 0.79890625 0.9069109882869693 0.1968749999999999 0.18386499999999997
Peach 0.4990234375 0.7877575534407028 0.999375 0.42213899999999993
Peach 0.1520703125 0.64137060761347 0.08937500000000001 0.08442800000000003
Peach 0.169609375 0.5462117364568082 0.075625 0.08630400000000006
Peach 0.2361328125 0.5508144172767204 0.04125000000000001 0.032832999999999994
Peach 0.2546875 0.43945409224011706 0.046875 0.07223300000000003
Peach 0.49125 0.45369301317715954 0.47000000000000003 0.298312
Peach 0.4780078125 0.7218180922401172 0.04249999999999998 0.0712949999999999
Peach 0.6539453125 0.5717335959004393 0.21375 0.263603
Peach 0.814296875 0.12298682284040996 0.15374999999999994 0.247655
