Peach 0.29188481201044386 0.2759765625 0.18462799999999996 0.15875000000000003
Peach 0.3250395326370757 0.498125 0.150375 0.09437500000000004
Peach 0.4041412532637076 0.6262890625 0.116124 0.08062499999999995
Peach 0.46826377806788516 0.421015625 0.18880499999999995 0.145625
Peach 0.47740215926892954 0.5765234375 0.207185 0.155625
Peach 0.4736929138381201 0.7570703125 0.168755 0.150625
Peach 0.5200064308093995 0.33234375 0.16457799999999995 0.11812499999999998
Peach 0.9256025665796345 0.9425390625 0.1453639999999999 0.11250000000000004
Peach 0.9077402114882506 0.139453125 0.04594800000000007 0.035625000000000004
Peach 0.9196967624020888 0.0379296875 0.03842999999999995 0.037500000000000006
Peach 0.9121244151436032 0.22734375 0.014202999999999869 0.023749999999999993
Peach 0.9552552454308093 0.0518359375 0.04093500000000004 0.04625
