Peach 0.33807325000000005 0.159921875 0.38499999999999995 0.309375
Peach 0.52734375 0.81359375 0.6808330000000001 0.275
Peach 0.5445315833333333 0.5146875 0.7066660000000001 0.29875
Peach 0.4642184166666667 0.04296875 0.10916700000000001 0.0875
Peach 0.57994825 0.0457421875 0.10249999999999997 0.08562499999999999
Peach 0.69276075 0.20328125 0.11833299999999995 0.10250000000000001
Peach 0.7008854166666666 0.04546875 0.10750000000000008 0.086875
Peach 0.7400524166666668 0.27734375 0.10916599999999994 0.08750000000000002
Peach 0.8100524166666666 0.20234375 0.10750000000000008 0.08687500000000001
Peach 0.8545833333333333 0.27816406250000003 0.10500000000000013 0.081875
