Peach 0.0078125 0.3936328125 0.01625 0.07375000000000004
Peach 0.0146484375 0.251484375 0.03 0.105625
Peach 0.0166015625 0.10355468749999999 0.035 0.13125
Peach 0.15625 0.803125 0.31375 0.375625
Peach 0.1871875 0.1765625 0.328125 0.329375
Peach 0.1960546875 0.473515625 0.319375 0.3025
Peach 0.4652734375 0.8220703125 0.31124999999999997 0.338125
Peach 0.5083984375 0.16015625 0.343125 0.321875
Peach 0.5144140625 0.4712890625 0.33125000000000004 0.33124999999999993
Peach 0.816015625 0.8151171875 0.365 0.36687500000000006
Peach 0.833828125 0.150390625 0.3175 0.30125
Peach 0.8398046875 0.483125 0.31875 0.345
