Peach 0.0791015625 0.11075439686684073 0.16 0.170426
Peach 0.0711328125 0.31042212532637076 0.135625 0.21219800000000003
Peach 0.26742187500000003 0.04046997389033943 0.27874999999999994 0.081036
Peach 0.22765625 0.8325655822454308 0.16499999999999998 0.29657500000000003
Peach 0.2730078125 0.5269055483028722 0.198125 0.301588
Peach 0.27703125 0.24886613315926895 0.164375 0.287385
Peach 0.4549609375 0.8268758955613579 0.23250000000000004 0.324979
Peach 0.4786328125 0.5250228877284595 0.19874999999999998 0.249792
Peach 0.4883984375 0.2739264046997389 0.18562500000000004 0.24644999999999995
Peach 0.6935546875 0.5155777937336815 0.22562499999999996 0.340852
Peach 0.670078125 0.23654233681462142 0.16125 0.256474
Peach 0.701328125 0.8361681331592689 0.22312500000000002 0.2890560000000001
