Peach 0.179375 0.6016666666666667 0.06437499999999999 0.0858329999999999
Peach 0.48515625 0.3306253333333333 0.6643749999999999 0.449166
Peach 0.2428515625 0.6469791666666667 0.15999999999999998 0.10000000000000009
Peach 0.335625 0.7267190833333332 0.06312499999999999 0.06666600000000011
Peach 0.4083984375 0.7428645833333333 0.09187499999999998 0.08250000000000002
Peach 0.536015625 0.7505211666666667 0.176875 0.06999999999999999
Peach 0.673671875 0.7324996666666667 0.09062499999999996 0.08416700000000003
Peach 0.7654296875 0.09765625 0.16375000000000006 0.195833
Peach 0.79328125 0.67984375 0.07187499999999991 0.05666700000000002
Peach 0.905625 0.28520833333333334 0.1875 0.26166700000000004
Peach 0.8394921875 0.5876565833333333 0.05437500000000006 0.11250000000000011
