Peach 0.0678938125 0.5757446875 0.04248300000000001 0.03758100000000009
Peach 0.0939610625 0.878254875 0.081699 0.08987
Peach 0.1329145 0.49502125 0.047386 0.03921599999999997
Peach 0.205767875 0.62538275 0.06045700000000001 0.05555600000000005
Peach 0.397505375 0.3330845625 0.106209 0.12745099999999998
Peach 0.4726118125 0.613473125 0.13562100000000005 0.13071900000000003
Peach 0.4781520625 0.6935765 0.143791 0.10947699999999994
Peach 0.530215875 0.5076590000000001 0.091503 0.09477200000000002
Peach 0.5562639375 0.175844875 0.14052299999999995 0.15359499999999998
Peach 0.559066375 0.7018424375 0.04411699999999996 0.06209100000000001
Peach 0.61685525 0.7443254375 0.07189600000000007 0.062091999999999925
Peach 0.7001316875 0.4615505 0.09967300000000001 0.10947700000000005
Peach 0.756624875 0.705614375 0.12254900000000002 0.13725500000000002
Peach 0.79715575 0.4618888125 0.11764699999999995 0.10457499999999997
Peach 0.8883588125 0.2475166875 0.10457499999999997 0.09967399999999998
