Peach 0.0107421875 0.7532809166666666 0.021875 0.06000000000000005
Peach 0.0341796875 0.5009374999999999 0.069375 0.17416700000000004
Peach 0.075078125 0.40536425000000004 0.03625 0.04083399999999996
Peach 0.0840625 0.262083 0.0475 0.063334
Peach 0.1137109375 0.21520799999999998 0.07750000000000001 0.09499999999999997
Peach 0.1520703125 0.7082809166666667 0.05812500000000001 0.06000000000000005
Peach 0.1732421875 0.1986979166666667 0.084375 0.1225
Peach 0.209453125 0.39901075 0.036250000000000004 0.05499999999999994
Peach 0.2308203125 0.3802600833333334 0.02562499999999998 0.03416699999999998
Peach 0.244765625 0.6586458333333334 0.05249999999999999 0.05916699999999997
Peach 0.273046875 0.17828125000000003 0.09062499999999998 0.10166700000000001
Peach 0.2616015625 0.22838508333333332 0.06625000000000003 0.06749999999999996
Peach 0.27015625 0.8430205000000001 0.070625 0.11083399999999995
Peach 0.286875 0.9766663333333333 0.09562500000000002 0.04333400000000006
Peach 0.2878125 0.38479166666666664 0.07999999999999999 0.11666699999999997
Peach 0.318203125 0.6510934166666668 0.0675 0.07749999999999997
Peach 0.30046875 0.5943229166666666 0.023749999999999993 0.029167000000000092
Peach 0.3512109375 0.7158850833333332 0.04562500000000003 0.06750000000000005
Peach 0.4221875 0.7990621666666667 0.10999999999999999 0.161667
Peach 0.414375 0.5131253333333333 0.06312499999999999 0.07416600000000002
Peach 0.4164453125 0.57984375 0.05687500000000001 0.05666700000000002
Peach 0.425 0.10109341666666667 0.06437500000000002 0.07750000000000003
Peach 0.422734375 0.6947395833333334 0.04375000000000001 0.05166699999999983
Peach 0.4328125 0.5092708333333333 0.048750000000000016 0.08916699999999993
Peach 0.4446484375 0.6315621666666668 0.029374999999999984 0.03749999999999994
Peach 0.463203125 0.1926038333333333 0.06812499999999999 0.08916699999999998
Peach 0.4517578125 0.3817190833333333 0.04249999999999998 0.06750000000000005
Peach 0.511015625 0.5754163333333334 0.08374999999999999 0.106667
Peach 0.5059374999999999 0.31171908333333337 0.04812500000000003 0.06666599999999996
Peach 0.5179296875 0.6313024166666666 0.03874999999999995 0.04666600000000002
Peach 0.526875 0.3791663333333333 0.03187499999999999 0.04249999999999998
Peach 0.5447265625 0.2993746666666666 0.034375000000000044 0.05416700000000004
Peach 0.5413671875 0.34963541666666664 0.021874999999999978 0.04583299999999998
Peach 0.5932421875 0.722292 0.11624999999999996 0.15833299999999983
Peach 0.61375 0.4494795 0.12624999999999997 0.14083300000000007
Peach 0.6064453125 0.20609341666666667 0.05687500000000001 0.075834
Peach 0.6155078125 0.33432325 0.04125000000000001 0.07083299999999992
Peach 0.7472265625 0.5048440833333333 0.06500000000000006 0.09749999999999992
Peach 0.7875 0.5575520833333334 0.06374999999999997 0.06749999999999996
Peach 0.8311328125 0.014322916666666666 0.04249999999999998 0.029167
Peach 0.8462109375 0.4964583333333334 0.04625000000000001 0.07416699999999987
Peach 0.907578125 0.05859341666666667 0.06812499999999999 0.0775
Peach 0.9343359375 0.15744824999999998 0.07625000000000004 0.10333300000000001
