Peach 0.017578125 0.711867803806735 0.035625 0.042213999999999974
Peach 0.025390625 0.6228812825768668 0.05125 0.12288899999999997
Peach 0.119140625 0.27363289019033676 0.239375 0.20356499999999997
Peach 0.14109375 0.6451071727672035 0.24250000000000002 0.3227009999999999
Peach 0.07203124999999999 0.6924394787701318 0.071875 0.08067599999999996
Peach 0.1825390625 0.18072644802342605 0.018125000000000002 0.056285
Peach 0.248828125 0.5248814729136164 0.130625 0.17260799999999987
Peach 0.27796875 0.24979495754026357 0.18062500000000004 0.159474
Peach 0.332890625 0.6856285285505125 0.20875 0.3095679999999999
Peach 0.6516796874999999 0.5306082957540263 0.694375 0.418386
Peach 0.419296875 0.2290426998535871 0.18499999999999994 0.15384600000000004
Peach 0.534453125 0.1948156691068814 0.16062500000000002 0.130394
