Pineapple 0.02734375 0.81215625 0.056 0.07199999999999995
Pineapple 0.115234375 0.72421875 0.232 0.14900000000000002
Pineapple 0.12109375 0.90784375 0.243 0.18100000000000005
Pineapple 0.1825078125 0.2295234375 0.29200000000000004 0.12499999999999997
Pineapple 0.2802734375 0.8319140625 0.312 0.17400000000000004
Pineapple 0.275625 0.1352890625 0.283 0.144
Pineapple 0.2827890625 0.96725 0.269 0.06299999999999994
Pineapple 0.3286953125 0.331546875 0.277 0.123
Pineapple 0.4902265625 0.9283125 0.315 0.14100000000000001
Pineapple 0.4874609375 0.2442890625 0.295 0.14300000000000002
Pineapple 0.52371875 0.0964765625 0.275 0.127
Pineapple 0.617578125 0.34259375 0.28600000000000003 0.11800000000000005
Pineapple 0.755671875 0.1463125 0.279 0.14100000000000001
Pineapple 0.8034375 0.2532890625 0.29699999999999993 0.14400000000000002
