Pineapple 0.009765625 0.5968749999999999 0.020312 0.22083299999999997
Pineapple 0.0126953125 0.19322916666666667 0.026563 0.225
Pineapple 0.09296925 0.4052083333333334 0.103125 0.2624999999999999
Pineapple 0.095703125 0.8080729166666666 0.098438 0.27916700000000017
Pineapple 0.11171875 0.06901041666666667 0.0875 0.139583
Pineapple 0.223438 0.6036455 0.09531199999999998 0.26666700000000015
Pineapple 0.23203125 0.20286458333333335 0.10156299999999999 0.26875000000000004
Pineapple 0.3578125 0.8177083333333334 0.109375 0.26041700000000007
Pineapple 0.3576176875 0.40338575 0.10156199999999999 0.2750000000000001
Pineapple 0.3685541875 0.06510416666666667 0.08437499999999998 0.13125
Pineapple 0.4958979375 0.19817741666666666 0.10781300000000005 0.26458299999999996
Pineapple 0.49609325 0.6091145833333332 0.10312499999999997 0.2687500000000001
Pineapple 0.6283208125 0.4039062500000001 0.10468699999999997 0.258333
Pineapple 0.62890625 0.8085934166666666 0.10312500000000002 0.26458400000000015
Pineapple 0.63671875 0.061197916666666664 0.08750000000000002 0.122917
Pineapple 0.7638676875 0.19817741666666666 0.10156200000000004 0.26458299999999996
Pineapple 0.766797375 0.5994795 0.10624900000000004 0.266666
Pineapple 0.9009760625 0.3968753333333333 0.11250000000000004 0.2625
Pineapple 0.901953125 0.8119795 0.09843800000000003 0.2666660000000001
Pineapple 0.9001953125 0.061197916666666664 0.08906200000000009 0.122917
