Pineapple 0.215546875 0.5197190073206442 0.34125000000000005 0.3883679999999999
Pineapple 0.22062500000000002 0.5149147496339678 0.344375 0.38273900000000005
Pineapple 0.51296875 0.287485878477306 0.86875 0.386491
Pineapple 0.5190625 0.28155926500732065 0.86 0.39493399999999995
Pineapple 0.191015625 0.7742291171303075 0.14625000000000002 0.18480300000000013
Pineapple 0.3183203125 0.7411676017569547 0.12 0.17542199999999997
Pineapple 0.3209375 0.7371870863836018 0.10999999999999999 0.16135099999999994
Pineapple 0.4204296875 0.6952275402635433 0.16375000000000006 0.12851799999999997
Pineapple 0.4695703125 0.5672980497803807 0.18250000000000005 0.230769
Pineapple 0.478359375 0.5641854363103953 0.169375 0.23827399999999996
Pineapple 0.7084375 0.5247941537335286 0.14187499999999997 0.11726099999999993
Pineapple 0.7105078125 0.5162368960468522 0.1356250000000001 0.11163299999999991
