Pineapple 0.018229166666666668 0.32453125 0.036667 0.07187500000000002
Pineapple 0.040364583333333336 0.2515625 0.0825 0.11124999999999999
Pineapple 0.12026041666666666 0.2319140625 0.0775 0.081875
Pineapple 0.3325520833333333 0.5615234375 0.19083300000000003 0.21687500000000004
Pineapple 0.40411424999999995 0.45140625 0.10250000000000004 0.16437499999999994
Pineapple 0.4344791666666667 0.355859375 0.10083300000000002 0.13687500000000002
Pineapple 0.4531767500000001 0.2730859375 0.05499999999999994 0.10750000000000004
Pineapple 0.4685416666666667 0.2416796875 0.054167 0.07000000000000003
Pineapple 0.9338541666666668 0.33421875 0.06833299999999998 0.1175
Pineapple 0.9694788333333334 0.388359375 0.05833400000000003 0.138125
