Pineapple 0.0989453125 0.3676706239067056 0.08937500000000001 0.22782499999999994
Pineapple 0.2012890625 0.3149453440233236 0.20625 0.44444400000000006
Pineapple 0.24890625 0.3626786530612245 0.070625 0.164332
Pineapple 0.287109375 0.3347055655976677 0.10625000000000001 0.357609
Pineapple 0.38359375 0.3250154460641399 0.05499999999999999 0.22035500000000002
Pineapple 0.411171875 0.30202556559766763 0.09125 0.355742
Pineapple 0.5441796875 0.3240912099125364 0.10124999999999995 0.340803
Pineapple 0.55671875 0.2846569271137026 0.08687499999999992 0.16246500000000003
Pineapple 0.6009765625 0.5814043206997085 0.09625000000000006 0.29691799999999996
Pineapple 0.613671875 0.844004224489796 0.09062500000000007 0.3062559999999999
Pineapple 0.69359375 0.28178900874635565 0.05625000000000002 0.18113900000000005
Pineapple 0.735546875 0.2843330991253644 0.09062499999999996 0.382819
Pineapple 0.7384765625 0.6618836909620991 0.09687499999999993 0.2801120000000001
Pineapple 0.9402734375 0.2569980466472303 0.09312500000000001 0.298786
