Banana 0.01903367496339678 0.3944140625 0.0394 0.049375
Banana 0.10531173645680822 0.4723046875 0.08724199999999999 0.16249999999999998
Banana 0.39208534407027823 0.4498046875 0.169794 0.16312499999999996
Banana 0.5540767306002928 0.471484375 0.17729799999999993 0.23062500000000002
Banana 0.5164030307467057 0.410390625 0.025329000000000018 0.05125000000000002
Banana 0.5678146749633968 0.6985546875 0.04033700000000005 0.06999999999999995
Banana 0.5916785461200585 0.7056640625 0.035647000000000005 0.08187500000000003
Banana 0.7091593440702783 0.5860546875 0.16697900000000004 0.13124999999999998
Banana 0.8492137364568082 0.5061718749999999 0.08724200000000013 0.21625
Banana 0.9195879575402636 0.5151171875 0.15853699999999993 0.17937499999999995
