Banana 0.64875 0.5942711666666667 0.125625 0.13083299999999998
Banana 0.3419140625 0.3692705 0.20625 0.17333400000000002
Banana 0.3441015625 0.4179684166666666 0.19124999999999998 0.17166700000000004
Banana 0.375703125 0.23578158333333335 0.130625 0.143333
Banana 0.383984375 0.5471354166666668 0.13687500000000002 0.16999999999999993
Banana 0.4186328125 0.6193753333333333 0.10499999999999998 0.13750000000000004
Banana 0.5076953125 0.17057258333333336 0.05687500000000001 0.17583399999999996
Banana 0.5523046875 0.6409371666666667 0.07000000000000006 0.13083400000000003
Banana 0.6155859375 0.17026075 0.10875000000000001 0.244166
Banana 0.7077734375 0.48442741666666667 0.18625000000000003 0.07583299999999997
Banana 0.7202734375 0.3216145833333333 0.12437500000000001 0.14500000000000002
