Pomegranate 0.387890625 0.6226908938053097 0.05125000000000002 0.04627
Pomegranate 0.3933984375 0.5621390412979351 0.030625000000000013 0.03871600000000004
Pomegranate 0.5369140625 0.27862359292035394 0.236875 0.33711
Pomegranate 0.4460546875 0.8051090825958702 0.03750000000000003 0.07931999999999997
Pomegranate 0.4534765625 0.9499356401179941 0.03437499999999999 0.09442900000000004
Pomegranate 0.48171875 0.5580658200589971 0.05625000000000002 0.049102
Pomegranate 0.4702734375 0.7593156725663717 0.029374999999999984 0.05382400000000012
Pomegranate 0.6583984375 0.4721308967551622 0.3118749999999999 0.40698800000000007
Pomegranate 0.5391015625 0.8083018200589971 0.034375000000000044 0.04815799999999997
Pomegranate 0.558203125 0.7630926725663716 0.03562500000000002 0.05382400000000004
Pomegranate 0.6242578125 0.7033597876106196 0.13624999999999998 0.09065199999999994
Pomegranate 0.5752734375 0.8595890412979351 0.029999999999999916 0.040604999999999926
Pomegranate 0.58046875 0.7965567463126844 0.024375000000000036 0.05193499999999991
Pomegranate 0.5850390625 0.7588472625368733 0.01937499999999992 0.03116199999999992
Pomegranate 0.7637109375 0.7074965250737463 0.04500000000000004 0.06043399999999997
Pomegranate 0.805078125 0.724556041297935 0.036250000000000004 0.03871600000000004
Pomegranate 0.95421875 0.9890195575221239 0.024375000000000036 0.018886000000000007
Pomegranate 0.9779296875 0.9698916725663717 0.038125000000000075 0.055713000000000006
