Pomegranate 0.10495159119496855 0.7823414375 0.17152199999999998 0.154941
Pomegranate 0.20384269811320754 0.118342125 0.15318199999999998 0.09798999999999998
Pomegranate 0.33113086792452834 0.2373961875 0.168285 0.146566
Pomegranate 0.333655251572327 0.7499555625 0.14239400000000002 0.15996700000000008
Pomegranate 0.36242252830188676 0.3864876875 0.135923 0.099665
Pomegranate 0.4568236037735849 0.234194625 0.09816599999999999 0.11390300000000003
Pomegranate 0.6245258867924528 0.391910625 0.25782099999999997 0.176717
Pomegranate 0.5531903270440252 0.5967119375 0.10355999999999999 0.07705200000000001
Pomegranate 0.6714657924528301 0.653505625 0.2038840000000001 0.14572799999999997
Pomegranate 0.6488367735849057 0.7762101875 0.11542600000000006 0.11557799999999996
Pomegranate 0.8494597924528303 0.635361375 0.2038829999999999 0.13819099999999995
Pomegranate 0.8383342201257863 0.5290125 0.12405599999999996 0.07872699999999999
Pomegranate 0.9722982327044025 0.500808375 0.05178000000000007 0.10552700000000004
