Pomegranate 0.22031225 0.7525000000000001 0.07031300000000001 0.10124999999999992
Pomegranate 0.4919921875 0.1828125 0.05312500000000003 0.09250000000000003
Pomegranate 0.583984625 0.8521875 0.051562 0.09875000000000007
Pomegranate 0.605469 0.749375 0.06328099999999992 0.09499999999999993
Pomegranate 0.7189455625 0.31875 0.06640600000000008 0.11374999999999998
Pomegranate 0.724609125 0.9506250000000002 0.06718800000000003 0.09499999999999993
Pomegranate 0.78984375 0.866875 0.05546899999999999 0.12125000000000004
Pomegranate 0.799609375 0.2784375 0.07421900000000003 0.13624999999999998
Pomegranate 0.8189448125 0.8775000000000001 0.073438 0.0875
Pomegranate 0.847265125 0.50875 0.06796900000000006 0.11499999999999995
Pomegranate 0.847265875 0.3046875 0.05937500000000007 0.10999999999999996
Pomegranate 0.869921375 0.9400000000000001 0.042969000000000035 0.1137500000000001
Pomegranate 0.9005856875 0.9096874999999999 0.06874999999999998 0.09875000000000007
