Pomegranate 0.023494860499265784 0.56703125 0.048872 0.040000000000000036
Pomegranate 0.06778471806167402 0.5659375 0.05451199999999999 0.04875000000000007
Pomegranate 0.07072157562408224 0.561484375 0.06015099999999999 0.043749999999999956
Pomegranate 0.1780992907488987 0.395234375 0.07142899999999999 0.043749999999999956
Pomegranate 0.17933300440528632 0.4009375 0.06391000000000005 0.04749999999999999
Pomegranate 0.2635084331864905 0.215546875 0.06578899999999997 0.05875
Pomegranate 0.325303718061674 0.570078125 0.05451099999999997 0.036250000000000004
Pomegranate 0.3341142907488987 0.536875 0.07142899999999999 0.03249999999999997
Pomegranate 0.3242468604992658 0.5691015625 0.04887199999999997 0.03375000000000006
Pomegranate 0.33452586196769457 0.5369921875 0.06954899999999999 0.022499999999999964
Pomegranate 0.37675986343612333 0.2835546875 0.09022499999999997 0.03875000000000001
Pomegranate 0.38345572099853154 0.28203125 0.09398499999999994 0.03999999999999998
Pomegranate 0.37770100293685754 0.5780078125 0.04135300000000005 0.04249999999999998
Pomegranate 0.38692314684287804 0.568828125 0.05639100000000002 0.036250000000000004
Pomegranate 0.4638721497797357 0.3485546875 0.09962400000000003 0.03875000000000001
Pomegranate 0.46616272099853157 0.347734375 0.09586499999999999 0.04375000000000001
Pomegranate 0.5734825770925109 0.259140625 0.08082700000000007 0.05249999999999999
Pomegranate 0.5738931483113069 0.25984375000000004 0.07706800000000004 0.056249999999999994
Pomegranate 0.6136018634361233 0.622734375 0.09022499999999997 0.04375000000000007
Pomegranate 0.6108418619676946 0.6237109375 0.06954899999999999 0.04625000000000001
Pomegranate 0.7658568634361234 0.5791015625 0.08834600000000012 0.03500000000000003
Pomegranate 0.7696168634361232 0.5767578125 0.08834599999999995 0.04125000000000001
Pomegranate 0.7871222907488986 0.2748046875 0.07142800000000017 0.03875000000000001
