Pomegranate 0.274140625 0.4363823752276867 0.23937499999999998 0.35706000000000004
Pomegranate 0.56765625 0.6029549234972678 0.03937500000000005 0.04550700000000009
Pomegranate 0.5726171875 0.5538039362477232 0.02312499999999995 0.038507000000000055
Pomegranate 0.6754296875 0.29783845173041895 0.16375000000000006 0.31388599999999994
Pomegranate 0.610390625 0.7654328979963569 0.020625000000000004 0.05834300000000009
Pomegranate 0.61359375 0.8835708724954463 0.024374999999999925 0.0758459999999999
Pomegranate 0.6275390625 0.7197829107468123 0.018749999999999933 0.05250900000000004
Pomegranate 0.651328125 0.6817894171220401 0.036250000000000004 0.04784099999999997
Pomegranate 0.762578125 0.4677453879781421 0.22312500000000002 0.35122499999999995
Pomegranate 0.7312109375 0.7151452513661202 0.13875000000000004 0.14352399999999996
Pomegranate 0.703125 0.8159784171220401 0.03249999999999997 0.04784099999999997
Pomegranate 0.835 0.6820743916211294 0.032500000000000084 0.06417699999999994
Pomegranate 0.864140625 0.6957914171220402 0.020625000000000004 0.05017499999999995
