Pomegranate 0.1289058125 0.5598959166666666 0.103516 0.12369800000000002
Pomegranate 0.14257775 0.4505206666666666 0.11816399999999999 0.14713600000000002
Pomegranate 0.1542968125 0.22265591666666665 0.10449199999999999 0.15364599999999998
Pomegranate 0.15917925 0.8203120833333334 0.10253999999999999 0.12890700000000002
Pomegranate 0.3632814375 0.15364608333333332 0.092773 0.130208
Pomegranate 0.4082034375 0.8059896666666666 0.092773 0.11718700000000008
Pomegranate 0.423828 0.5664065 0.09570300000000004 0.11067699999999991
Pomegranate 0.5527340625 0.12500016666666666 0.11230499999999999 0.132812
Pomegranate 0.5556638125 0.3294274166666667 0.07324200000000003 0.10807299999999997
Pomegranate 0.583984 0.6666671666666666 0.094727 0.16276000000000002
Pomegranate 0.62890675 0.52213575 0.08691400000000005 0.11848899999999991
