Pomegranate 0.4127949095607235 0.76375 0.7740070000000001 0.28312499999999996
Pomegranate 0.2736082945736434 0.2530078125 0.427981 0.3225
Pomegranate 0.3781636899224806 0.90578125 0.07864199999999998 0.07187500000000002
Pomegranate 0.6307455633074935 0.77359375 0.3600990000000001 0.275
Pomegranate 0.48957884496124027 0.395625 0.040563000000000134 0.03249999999999997
Pomegranate 0.503852803617571 0.3640234375 0.04966900000000007 0.030625000000000013
Pomegranate 0.7418030258397933 0.2207421875 0.49586099999999994 0.33499999999999996
Pomegranate 0.5952137416020672 0.3854296875 0.066225 0.03875000000000001
Pomegranate 0.627722865633075 0.40625 0.03559599999999995 0.03249999999999997
Pomegranate 0.7111466485788114 0.5725390625 0.08857599999999997 0.08187500000000003
Pomegranate 0.7567145555555554 0.531171875 0.11341100000000004 0.05937500000000007
Pomegranate 0.7594605865633075 0.5924609375 0.10430500000000002 0.07687500000000003
Pomegranate 0.9016436279069767 0.7403515625 0.09519900000000002 0.06499999999999995
Pomegranate 0.9385316175710594 0.2126171875 0.09685500000000002 0.11624999999999999
Pomegranate 0.9164678139534884 0.3147265625 0.048012999999999986 0.034375000000000044
Pomegranate 0.972395803617571 0.7341796875 0.05132399999999988 0.07000000000000006
