Watermelon 0.13667968749999998 0.8327083333333333 0.06875000000000002 0.135833
Watermelon 0.292421875 0.6578121666666666 0.09062500000000001 0.09999999999999994
Watermelon 0.3738671875 0.9061458333333333 0.148125 0.1825000000000001
Watermelon 0.4110546875 0.5685934166666667 0.06937499999999996 0.07749999999999997
Watermelon 0.4464453125 0.5187499999999999 0.05687499999999995 0.06416700000000002
Watermelon 0.473828125 0.7452083333333333 0.09812499999999996 0.135833
Watermelon 0.5275390625 0.4589065833333334 0.04937499999999995 0.05166599999999999
Watermelon 0.5378515625 0.6624996666666666 0.06500000000000006 0.08583400000000012
Watermelon 0.57078125 0.59015625 0.07062499999999994 0.07083299999999992
Watermelon 0.568828125 0.4252600833333333 0.03687499999999999 0.034999999999999996
Watermelon 0.588203125 0.40072916666666664 0.03687499999999999 0.036667000000000005
Watermelon 0.605859375 0.5375520833333334 0.04437500000000005 0.06749999999999996
Watermelon 0.6241015625 0.47567675000000004 0.03499999999999992 0.055000000000000014
Watermelon 0.638515625 0.394792 0.05249999999999999 0.03250000000000005
Watermelon 0.6409765625 0.4350003333333334 0.03500000000000003 0.04249999999999998
Watermelon 0.6725 0.41083333333333333 0.03125 0.04416700000000007
