Watermelon 0.8706396875 0.7424940000000001 0.256432 0.20228999999999994
Watermelon 0.0701939375 0.5754734492753624 0.139794 0.195928
Watermelon 0.048071375 0.2571081304347826 0.044597 0.045800999999999994
Watermelon 0.114396625 0.25078020289855074 0.021440999999999988 0.025445000000000006
Watermelon 0.1497726875 0.2543537826086956 0.03773599999999999 0.061068000000000004
Watermelon 0.2315475 0.5089939710144927 0.14065200000000003 0.16921200000000008
Watermelon 0.2121165 0.2523726811594203 0.04716999999999999 0.052162999999999994
Watermelon 0.2484006875 0.2565773043478261 0.03773500000000002 0.036895
Watermelon 0.267242625 0.22816660869565217 0.052315999999999974 0.07124700000000003
Watermelon 0.368055125 0.45952017391304356 0.13036000000000003 0.19338399999999994
Watermelon 0.8070676875 0.5933843333333334 0.38250399999999996 0.46819299999999986
