Grapefruit 0.31043813071895426 0.474921875 0.169038 0.12125000000000002
Grapefruit 0.3899361307189543 0.57625 0.167364 0.12624999999999997
Grapefruit 0.4077715620915033 0.368125 0.15983299999999995 0.12562500000000004
Grapefruit 0.4981485620915032 0.68953125 0.1606700000000001 0.13312499999999994
Grapefruit 0.5125823202614379 0.4601953125 0.17154799999999998 0.12
Grapefruit 0.553537614379085 0.3064453125 0.14644299999999996 0.12
Grapefruit 0.5613807516339869 0.57625 0.16234299999999996 0.12624999999999997
Grapefruit 0.6497716143790849 0.3959375 0.1489540000000001 0.11062500000000003
Grapefruit 0.7196928366013072 0.5199609375 0.19246799999999994 0.13999999999999996
Grapefruit 0.7657178366013072 0.6503125 0.192468 0.14187500000000008
