Grapefruit 0.0904301875 0.6115234375 0.17812499999999998 0.27968699999999996
Grapefruit 0.16953075 0.0687495 0.17968800000000001 0.110938
Grapefruit 0.3400390625 0.18515575 0.20625 0.150001
Grapefruit 0.2775385625 0.3234375 0.06562500000000002 0.046875
Grapefruit 0.284375 0.287890625 0.0625 0.05156299999999997
Grapefruit 0.425 0.5201171875 0.09531200000000001 0.08593699999999993
Grapefruit 0.5078130000000001 0.539063 0.03281200000000001 0.03281200000000006
Grapefruit 0.517578125 0.46953125 0.035937 0.04062499999999997
Grapefruit 0.5208989375 0.5638671875 0.014061999999999908 0.021874999999999978
Grapefruit 0.540234875 0.541796875 0.028124999999999956 0.028125000000000067
Grapefruit 0.650390625 0.936327625 0.082812 0.08281300000000003
Grapefruit 0.657421875 0.8392583125 0.09062499999999996 0.08906199999999997
Grapefruit 0.7369140625 0.9326171875 0.08124999999999993 0.08437499999999998
Grapefruit 0.8259765625 0.03515625 0.09687500000000004 0.071875
Grapefruit 0.9013676875 0.53359325 0.1312500000000001 0.10312599999999994
Grapefruit 0.927734375 0.2951176875 0.07499999999999996 0.07031199999999999
