Grapefruit 0.0642578125 0.5385413333333333 0.041406 0.041666999999999975
Grapefruit 0.1759768125 0.2695315833333333 0.042968000000000006 0.05000000000000001
Grapefruit 0.2150390625 0.31718783333333334 0.05078100000000002 0.05833299999999997
Grapefruit 0.2853515625 0.71276075 0.03515600000000002 0.05729100000000006
Grapefruit 0.401171625 0.7541663333333334 0.052344 0.07291700000000005
Grapefruit 0.3931645625 0.2716145833333334 0.03515600000000002 0.04999999999999997
Grapefruit 0.4992185 0.7174479166666666 0.04843799999999998 0.06041700000000002
Grapefruit 0.5662104375 0.647917 0.06093800000000005 0.09375
Grapefruit 0.583203625 0.032552083333333336 0.05234300000000003 0.067708
Grapefruit 0.6138671875 0.44062466666666666 0.05468699999999993 0.054167
Grapefruit 0.616796875 0.05859408333333333 0.06015599999999999 0.067708
Grapefruit 0.618359125 0.9700520833333334 0.036718999999999946 0.036457999999999956
Grapefruit 0.7179685 0.39635383333333335 0.046875 0.057291999999999975
Grapefruit 0.785937 0.772917 0.03125 0.03125
Grapefruit 0.8150393125 0.5442705 0.058593000000000006 0.078125
Grapefruit 0.8439453125 0.744792 0.025780999999999943 0.03125
Grapefruit 0.876171875 0.583333 0.06015599999999999 0.0625
Grapefruit 0.9244143125 0.22005208333333334 0.058593000000000006 0.06562499999999998
Grapefruit 0.950390625 0.3789059166666666 0.021093999999999946 0.029167000000000016
Grapefruit 0.9689458125 0.3455729166666666 0.04140599999999994 0.06145800000000001
