Grapefruit 0.877664375 0.37530684135240566 0.19950099999999993 0.252492
Grapefruit 0.01953125 0.8917678192457738 0.0399 0.20598000000000008
Grapefruit 0.2858741875 0.7846670611183354 0.179552 0.24750799999999995
Grapefruit 0.3172565625 0.35038186866059823 0.158354 0.19435200000000002
Grapefruit 0.3839425 0.5204040117035111 0.173317 0.26079800000000003
Grapefruit 0.454474625 0.7348330611183356 0.17581000000000002 0.24750800000000012
Grapefruit 0.751232625 0.2039167698309493 0.17581000000000002 0.21926900000000002
Grapefruit 0.7214990625 0.37769006111833553 0.1122200000000001 0.247508
Grapefruit 0.7408650625 0.5970255994798439 0.14339200000000007 0.21096400000000007
Grapefruit 0.827073 0.3939922873862159 0.312968 0.6096349999999999
Grapefruit 0.9020445625 0.54356755526658 0.159601 0.11960100000000005
