Grapefruit 0.2140625 0.4441325555555556 0.07937500000000003 0.113296
Grapefruit 0.26863281250000004 0.42407473099415205 0.04124999999999998 0.06928899999999996
Grapefruit 0.371875 0.25300657894736844 0.0625 0.10580500000000001
Grapefruit 0.4821875 0.6171229356725146 0.234375 0.2668539999999999
Grapefruit 0.554609375 0.4030485321637427 0.07562500000000005 0.11797799999999993
Grapefruit 0.660546875 0.5609436023391813 0.05874999999999997 0.10205999999999997
Grapefruit 0.6578515625 0.7163907894736842 0.03500000000000003 0.053371000000000085
Grapefruit 0.723359375 0.8048656959064328 0.04312499999999997 0.07677900000000001
Grapefruit 0.9398828125 0.7860237192982455 0.0412499999999999 0.07116100000000002
Grapefruit 0.9630078125 0.8248237309941521 0.04125000000000001 0.06928900000000004
