Grapefruit 0.04061470911086718 0.5835181666666668 0.082437 0.13031099999999993
Grapefruit 0.09060009879253567 0.5446585833333334 0.08602100000000003 0.11331399999999998
Grapefruit 0.1730004698133919 0.3474758333333334 0.142174 0.15155799999999994
Grapefruit 0.14475131942919867 0.7372485833333333 0.07765799999999998 0.08073600000000007
Grapefruit 0.2152413194291987 0.7470486666666666 0.07765799999999998 0.08357000000000007
Grapefruit 0.2606046904500549 0.20724883333333333 0.133811 0.151558
Grapefruit 0.32936077936333696 0.6043583333333333 0.009557999999999992 0.012748000000000056
Grapefruit 0.3497690845225027 0.63563425 0.008363000000000008 0.008499000000000034
Grapefruit 0.35325577936333696 0.6045871666666667 0.009557999999999992 0.007081999999999959
Grapefruit 0.3557420845225028 0.5816953333333333 0.008363000000000008 0.012747999999999982
Grapefruit 0.3606183896816685 0.60588925 0.005974000000000011 0.009915000000000044
Grapefruit 0.389097779363337 0.6099094166666666 0.010752999999999976 0.01558099999999992
Grapefruit 0.41170147420417125 0.59172525 0.011946999999999989 0.009915000000000044
Grapefruit 0.412992779363337 0.60588925 0.009557999999999992 0.009915000000000044
Grapefruit 0.4870238594950604 0.7063785 0.14695299999999994 0.203966
Grapefruit 0.4260384742041712 0.5901943333333334 0.011947000000000051 0.01133099999999998
Grapefruit 0.532466779363337 0.79427425 0.009557999999999992 0.009915000000000044
Grapefruit 0.5314663896816686 0.8067934166666667 0.0059739999999998865 0.014164999999999909
Grapefruit 0.7259184742041712 0.9439585833333334 0.013141999999999973 0.019830000000000087
Grapefruit 0.7330874742041712 0.9327415 0.011947000000000051 0.016997000000000078
Grapefruit 0.7532038638858397 0.9725164166666667 0.01553099999999997 0.015579999999999927
Grapefruit 0.7607600845225028 0.9725164166666667 0.008363000000000008 0.014163999999999918
Grapefruit 0.7691230845225028 0.7672483333333334 0.008363999999999979 0.011330999999999905
Grapefruit 0.8246942535675083 0.9925752500000001 0.020309999999999936 0.009914999999999896
Grapefruit 0.8334454742041714 0.7686643333333333 0.013141999999999973 0.012748000000000056
Grapefruit 0.8418084742041713 0.7587493333333333 0.011948000000000023 0.011332000000000045
Grapefruit 0.8742610845225026 0.7659462500000002 0.007168000000000087 0.008497999999999747
Grapefruit 0.880137779363337 0.9286064166666668 0.009558000000000054 0.01558099999999992
Grapefruit 0.8930851690450055 0.9895134166666666 0.014336999999999895 0.015581000000000067
Grapefruit 0.893279779363337 0.8917794166666666 0.009558000000000054 0.015581000000000067
Grapefruit 0.893279779363337 0.9739324166666666 0.009558000000000054 0.01558099999999992
Grapefruit 0.9053240845225028 0.9117243333333334 0.007168999999999933 0.011330999999999905
Grapefruit 0.9147847793633371 0.7997114166666668 0.00955799999999993 0.014163999999999918
Grapefruit 0.9182724742041714 0.9781814166666667 0.013141999999999973 0.014165000000000058
Grapefruit 0.9242454742041714 0.9839623333333334 0.01314299999999982 0.011330999999999905
Grapefruit 0.9232450845225028 0.7261713333333333 0.007168999999999933 0.011332000000000045
Grapefruit 0.9734240845225026 0.77092575 0.007169000000000058 0.02407900000000011
Grapefruit 0.993637779363337 0.7784654166666666 0.009558000000000054 0.014164000000000065
