Cucumber 0.3394921875 0.2634494346549192 0.08437500000000003 0.08646600000000003
Cucumber 0.3772265625 0.3305300073421439 0.09750000000000003 0.105263
Cucumber 0.4366796875 0.42181286490455205 0.10124999999999995 0.109963
Cucumber 0.446875 0.24946829221732744 0.09437499999999999 0.09210600000000005
Cucumber 0.5157031249999999 0.5269578678414097 0.13062500000000005 0.152255
Cucumber 0.518125 0.33528900587371513 0.09500000000000003 0.08270699999999999
Cucumber 0.590859375 0.4163507209985316 0.10625000000000007 0.09398499999999994
Cucumber 0.6123828125 0.6996551527165932 0.135625 0.13909799999999997
Cucumber 0.6741796875 0.5274862966226138 0.13124999999999998 0.15319500000000005
Cucumber 0.7800390625 0.6847350102790015 0.14375000000000004 0.14661699999999994
