Cucumber 0.21992221522693997 0.4704765625 0.166417 0.12800000000000006
Cucumber 0.3205719824304539 0.6936875 0.27286299999999997 0.11099999999999999
Cucumber 0.24060683455344067 0.40253125 0.064468 0.04099999999999998
Cucumber 0.29042208638360173 0.48621875 0.163418 0.15000000000000008
Cucumber 0.32887601903367497 0.753921875 0.20539700000000002 0.09000000000000008
Cucumber 0.320196859443631 0.8518515625 0.17991000000000001 0.09699999999999998
Cucumber 0.3086243133235725 0.4215703125 0.145427 0.12
Cucumber 0.49986076134699853 0.3947109375 0.20089900000000002 0.10899999999999999
Cucumber 0.5480469882869692 0.42346875 0.18290900000000002 0.21200000000000002
Cucumber 0.5218331537335286 0.4391015625 0.11844099999999998 0.16000000000000003
Cucumber 0.560743411420205 0.3479140625 0.124438 0.174
Cucumber 0.6266406691068814 0.6573203125 0.12893500000000002 0.05700000000000005
Cucumber 0.7422126939970717 0.71396875 0.2443770000000001 0.08599999999999997
Cucumber 0.8300011420204977 0.7092890625 0.2998499999999999 0.14400000000000002
Cucumber 0.8664394670571012 0.6629453125 0.26236899999999996 0.08799999999999997
