Cucumber 0.045572916666666664 0.303515625 0.093333 0.05249999999999999
Cucumber 0.16895833333333332 0.08199218750000001 0.198333 0.053125
Cucumber 0.2971878333333333 0.7665625 0.2775000000000001 0.29874999999999996
Cucumber 0.29593716666666664 0.447578125 0.256667 0.28562499999999996
Cucumber 0.43098924999999993 0.1779296875 0.320834 0.16375
Cucumber 0.45000033333333334 0.8176171875 0.16833299999999998 0.17937499999999995
Cucumber 0.7987496666666667 0.579140625 0.39833400000000013 0.17624999999999996
Cucumber 0.7832295 0.2574609375 0.32833300000000004 0.20125000000000004
Cucumber 0.8380205 0.796328125 0.11166700000000003 0.318125
Cucumber 0.9433854166666666 0.7487109375 0.10916700000000008 0.14
