Cucumber 0.0361328125 0.9335735803237858 0.073125 0.06533900000000001
Cucumber 0.0325 0.9127516400996264 0.031875 0.020717000000000034
Cucumber 0.15375 0.9827232901618929 0.03125 0.03266899999999999
Cucumber 0.1816015625 0.19467529016189292 0.035 0.03266899999999999
Cucumber 0.19203125 0.2161363200498132 0.009375000000000022 0.011952999999999981
Cucumber 0.21171875 0.48212397011207975 0.02437499999999998 0.02390500000000001
Cucumber 0.24546875 0.7169359601494396 0.02437499999999998 0.031076000000000135
Cucumber 0.2624609375 0.7395946301369863 0.014375000000000027 0.02788899999999997
Cucumber 0.3281640625 0.25100128019925283 0.04999999999999999 0.041433999999999964
Cucumber 0.336875 0.27156993026151927 0.06312500000000004 0.05338700000000001
Cucumber 0.3678515625 0.0380996500622665 0.034999999999999976 0.013545000000000005
Cucumber 0.373359375 0.6159412801992528 0.044375 0.041434
Cucumber 0.3947265625 0.9000546102117061 0.03375 0.04462200000000011
Cucumber 0.4058203125 0.653591600249066 0.026249999999999996 0.051793000000000027
Cucumber 0.4280859375 0.9528926201743462 0.013749999999999984 0.03506000000000003
Cucumber 0.7651171875 0.3776518704856787 0.17812499999999998 0.09880399999999999
Cucumber 0.717734375 0.9108142503113326 0.07562499999999994 0.06374499999999984
Cucumber 0.7840234375 0.9643009103362391 0.09312500000000001 0.06852600000000003
Cucumber 0.8451953125 0.4187848904109589 0.057499999999999996 0.08446199999999995
Cucumber 0.9490625 0.0330706400996264 0.04749999999999999 0.020717000000000003
