Cucumber 0.0888671875 0.6770192689295039 0.17875 0.26817
Cucumber 0.0947265625 0.1719992193211488 0.190625 0.12113600000000002
Cucumber 0.10875 0.4940568120104439 0.12624999999999997 0.18379300000000007
Cucumber 0.2484375 0.6916907519582245 0.17250000000000001 0.27067699999999995
Cucumber 0.2595703125 0.509357091383812 0.150625 0.218881
Cucumber 0.435859375 0.7090275483028721 0.16875 0.3015880000000001
Cucumber 0.4331640625 0.47405570234986943 0.143125 0.12447799999999999
Cucumber 0.6040234375 0.7213496161879895 0.155625 0.29072700000000007
Cucumber 0.760625 0.5322813368146214 0.15749999999999997 0.256475
Cucumber 0.7726171875 0.44867980417754566 0.08562500000000006 0.1077690000000001
Cucumber 0.9155078125 0.5109774725848564 0.166875 0.23642400000000005
Cucumber 0.933125 0.7655670835509139 0.12687500000000007 0.14118599999999995
