Banana 0.0 494.36252399999995 135.617536 653.1419520000001
Banana 0.0 290.952828 143.342592 437.71631399999995
Banana 0.0 83.25223799999999 149.351424 219.71653199999997
Banana 176.818176 454.881852 355.352576 576.7560599999999
Banana 183.68512 288.37802999999997 364.79488 411.110286
Banana 193.984512 100.417122 364.79488 235.16532
Banana 228.318208 0.0 367.369216 56.645556
Banana 281.535488 613.66128 350.20288 653.1419520000001
Banana 376.81152 559.5905220000001 494.403584 653.1419520000001
Banana 381.961216 429.99192 497.837056 521.8266
Banana 387.111936 290.952828 504.704 384.504258
Banana 393.977856 137.322996 508.995584 242.031666
Banana 401.702912 0.0 515.862528 103.85062199999999
Banana 511.570944 0.0 1023.141888 653.1419520000001
