Apple 246.18533000000002 696.7552 407.89511 877.886464
Apple 26.549682 83.320832 101.37066 147.320832
Apple 26.549682 135.2448 434.44479200000006 376.7552
Apple 28.962934 113.509376 60.33912000000001 194.414592
Apple 28.962934 218.565632 666.148264 615.84896
Apple 56.719242 143.69792 100.163252 172.679168
Apple 86.888802 117.132288 156.88249399999998 177.509376
Apple 103.783912 99.018752 164.123814 158.188544
Apple 241.35804400000004 289.811456 755.450318 992.60416
Apple 423.583594 770.414592 605.808362 980.528128
