Apple 823.04 433.76237199999997 947.84 548.450366
Apple 0.0 477.971596 35.84 539.480527
Apple 22.4 259.48877500000003 71.04 279.351098
Apple 59.52 267.81796 96.0 305.619961
Apple 73.6 314.5898 122.24 353.03313799999995
Apple 83.2 275.506491 138.24 317.793753
Apple 144.64 583.049097 198.4 636.868814
Apple 158.08 494.630649 213.12 548.450366
Apple 178.56 288.320937 247.04 342.140654
Apple 188.16 540.761835 253.44 598.426159
Apple 214.4 472.20571 270.72 524.744119
Apple 219.52 254.36285999999998 283.52 305.619961
Apple 227.2 322.918985 300.8 372.894778
Apple 263.04 278.06910700000003 321.92 337.014739
Apple 490.88 418.38530999999995 579.2 508.085066
Apple 542.08 547.169058 648.32 653.527184
Apple 560.64 317.793753 638.08 368.4102
Apple 709.12 260.770083 769.28 305.619961
Apple 723.2 215.279551 783.36 269.099268
Apple 753.28 272.943875 833.28 325.482284
Apple 755.84 413.260078 828.16 490.786042
Apple 828.16 269.099268 889.6 315.87179100000003
Apple 928.0 431.84041 1020.8 520.899512
Apple 938.24 209.51298200000002 1018.24 262.05139099999997
Apple 940.8 244.11171299999998 988.16 299.212738
Apple 986.88 230.656613 1023.36 289.602245
Apple 990.72 291.524207 1023.36 321.637677
Apple 1016.96 222.968082 1023.36 231.93792100000002
